3.71974e-08
2.16026e-08
3.69522e-09
-1.46393e-08
-3.14671e-08
-4.50075e-08
-5.38201e-08
-5.69564e-08
-5.40609e-08
-4.5411e-08
-3.1891e-08
-1.49027e-08
3.77844e-09
2.21871e-08
3.8373e-08
5.06051e-08
5.7556e-08
5.84436e-08
5.3119e-08
4.20874e-08
2.64616e-08
7.8514e-09
-1.18009e-08
-3.04211e-08
-4.60198e-08
-5.69035e-08
-6.18563e-08
-6.02749e-08
-5.22398e-08
-3.85166e-08
-2.04846e-08
5.41605e-21
2.07931e-08
3.96852e-08
5.46343e-08
6.39842e-08
6.6647e-08
6.2227e-08
5.10751e-08
3.42642e-08
1.34883e-08
-9.10617e-09
-3.11401e-08
-5.02501e-08
-6.43395e-08
-7.1807e-08
-7.17264e-08
-6.39581e-08
-4.91802e-08
-2.88323e-08
-4.97792e-09
1.99023e-08
4.31667e-08
6.22908e-08
7.51388e-08
8.02004e-08
7.67652e-08
6.50162e-08
4.60297e-08
2.16808e-08
-5.53976e-09
-3.27777e-08
-5.71123e-08
-7.58673e-08
-8.69029e-08
-8.88572e-08
-8.13102e-08
-6.48506e-08
-4.10368e-08
-1.22526e-08
1.85289e-08
4.80493e-08
7.31082e-08
9.09072e-08
9.936e-08
9.73336e-08
8.47924e-08
6.28296e-08
3.35766e-08
-3.67735e-20
-3.43965e-08
-6.59354e-08
-9.11559e-08
-1.07191e-07
-1.12091e-07
-1.05053e-07
-8.65405e-08
-5.82602e-08
-2.30118e-08
1.55859e-08
5.34643e-08
8.65308e-08
1.11109e-07
1.24343e-07
1.24527e-07
1.11316e-07
8.57985e-08
5.04135e-08
8.72262e-09
-3.49451e-08
-7.59398e-08
-1.09783e-07
-1.32656e-07
-1.41822e-07
-1.35955e-07
-1.15312e-07
-8.1748e-08
-3.85531e-08
9.86241e-09
5.84173e-08
1.01889e-07
1.35473e-07
1.55311e-07
1.58926e-07
1.45529e-07
1.16142e-07
7.35348e-08
2.19665e-08
-3.32328e-08
-8.62111e-08
-1.31212e-07
-1.63197e-07
-1.78405e-07
-1.74789e-07
-1.5228e-07
-1.1284e-07
-6.0301e-08
-1.31725e-19
6.17619e-08
1.18373e-07
1.63618e-07
1.92352e-07
2.01085e-07
1.88399e-07
1.55142e-07
1.04401e-07
4.12189e-08
-2.79044e-08
-9.56721e-08
-1.5476e-07
-1.98606e-07
-2.22129e-07
-2.2232e-07
-1.98606e-07
-1.52975e-07
-8.98225e-08
-1.553e-08
6.21708e-08
1.35001e-07
1.95012e-07
2.35451e-07
2.51513e-07
2.40905e-07
2.04151e-07
1.44601e-07
6.81343e-08
-1.74138e-08
-1.03051e-07
-1.79569e-07
-2.38531e-07
-2.73196e-07
-2.79283e-07
-2.55489e-07
-2.03695e-07
-1.28839e-07
-3.84479e-08
5.81079e-08
1.50586e-07
2.28951e-07
2.84463e-07
3.10644e-07
3.04026e-07
2.64591e-07
1.95852e-07
1.0455e-07
-7.50579e-20
-1.06851e-07
-2.04568e-07
-2.82448e-07
-3.31686e-07
-3.46365e-07
-3.24154e-07
-2.66638e-07
-1.79233e-07
-7.06848e-08
4.77991e-08
1.637e-07
2.64509e-07
3.39069e-07
3.78807e-07
3.78709e-07
3.37936e-07
2.60004e-07
1.52496e-07
2.63367e-08
-1.05316e-07
-2.28433e-07
-3.29611e-07
-3.97519e-07
-4.24165e-07
-4.05825e-07
-3.43529e-07
-2.43054e-07
-1.14398e-07
2.92058e-08
1.72643e-07
3.00505e-07
3.9874e-07
4.56189e-07
4.65845e-07
4.25693e-07
3.39027e-07
2.14205e-07
6.3854e-08
-9.64013e-08
-2.49554e-07
-3.79017e-07
-4.70413e-07
-5.13162e-07
-5.01697e-07
-4.36162e-07
-3.2251e-07
-1.71982e-07
-3.03928e-19
1.754e-07
3.35458e-07
4.62689e-07
5.42788e-07
5.66227e-07
5.29375e-07
4.35002e-07
2.9211e-07
1.15084e-07
-7.77444e-08
-2.65988e-07
-4.29357e-07
-5.49836e-07
-6.13666e-07
-6.129e-07
-5.46375e-07
-4.19962e-07
-2.46074e-07
-4.24566e-08
1.69612e-07
3.67539e-07
5.29819e-07
6.38364e-07
6.80506e-07
6.50465e-07
5.50096e-07
3.88839e-07
1.82843e-07
-4.66362e-08
-2.75423e-07
-4.78963e-07
-6.34951e-07
-7.25766e-07
-7.40453e-07
-6.76018e-07
-5.37902e-07
-3.39553e-07
-1.01129e-07
1.5254e-07
3.9453e-07
5.98674e-07
7.42384e-07
8.09139e-07
7.90372e-07
6.86532e-07
5.07202e-07
2.70237e-07
-9.22131e-20
-2.75138e-07
-5.25763e-07
-7.24559e-07
-8.49277e-07
-8.8521e-07
-8.26907e-07
-6.78929e-07
-4.55534e-07
-1.79321e-07
1.2104e-07
4.1378e-07
6.6738e-07
8.53959e-07
9.52328e-07
9.50379e-07
8.46549e-07
6.50169e-07
3.80661e-07
6.56261e-08
-2.61967e-07
-5.67227e-07
-8.17042e-07
-9.8367e-07
-1.0478e-06
-1.00078e-06
-8.45712e-07
-5.97343e-07
-2.80675e-07
7.15358e-08
4.22158e-07
7.3359e-07
9.71783e-07
1.10995e-06
1.13158e-06
1.03236e-06
8.20839e-07
5.17783e-07
1.541e-07
-2.32272e-07
-6.0032e-07
-9.10297e-07
-1.12801e-06
-1.22857e-06
-1.19923e-06
-1.04094e-06
-7.68502e-07
-4.09174e-07
-5.53416e-19
4.16018e-07
7.94428e-07
1.09406e-06
1.28151e-06
1.33483e-06
1.24607e-06
1.02239e-06
6.85526e-07
2.69678e-07
-1.8191e-07
-6.21454e-07
-1.00168e-06
-1.28088e-06
-1.42749e-06
-1.42364e-06
-1.26729e-06
-9.72681e-07
-5.6912e-07
-9.80538e-08
3.91164e-07
8.46433e-07
1.21845e-06
1.46602e-06
1.56062e-06
1.48965e-06
1.25805e-06
8.88039e-07
4.17008e-07
-1.06218e-07
-6.26446e-07
-1.08792e-06
-1.44029e-06
-1.64408e-06
-1.67511e-06
-1.52731e-06
-1.21366e-06
-7.65115e-07
-2.27575e-07
3.42818e-07
8.85509e-07
1.34196e-06
1.66194e-06
1.80905e-06
1.76483e-06
1.531e-06
1.12965e-06
6.01116e-07
2.04663e-20
-6.10476e-07
-1.1651e-06
-1.60364e-06
-1.87734e-06
-1.95435e-06
-1.82339e-06
-1.49525e-06
-1.00203e-06
-3.93967e-07
2.65603e-07
9.06876e-07
1.46093e-06
1.86712e-06
2.07971e-06
2.07299e-06
1.84433e-06
1.41482e-06
8.27374e-07
1.42473e-07
-5.68061e-07
-1.22857e-06
-1.7676e-06
-2.12564e-06
-2.26162e-06
-2.15766e-06
-1.82126e-06
-1.28493e-06
-6.0307e-07
1.53531e-07
9.05027e-07
1.57092e-06
2.07867e-06
2.37158e-06
2.41512e-06
2.20091e-06
1.74805e-06
1.10146e-06
3.27453e-07
-4.93029e-07
-1.27288e-06
-1.92806e-06
-2.38661e-06
-2.5966e-06
-2.53188e-06
-2.19536e-06
-1.61906e-06
-8.61126e-07
-8.09094e-19
8.73693e-07
1.66666e-06
2.29288e-06
2.68294e-06
2.79167e-06
2.60336e-06
2.13385e-06
1.42931e-06
5.61698e-07
-3.78506e-07
-1.29177e-06
-2.08001e-06
-2.6571e-06
-2.95827e-06
-2.94735e-06
-2.62104e-06
-2.00972e-06
-1.17474e-06
-2.02196e-07
8.05822e-07
1.742e-06
2.50517e-06
3.01125e-06
3.20245e-06
3.05387e-06
2.5766e-06
1.81703e-06
8.52429e-07
-2.16918e-07
-1.27811e-06
-2.21753e-06
-2.933e-06
-3.34484e-06
-3.40477e-06
-3.10144e-06
-2.46222e-06
-1.55079e-06
-4.60838e-07
6.93561e-07
1.78984e-06
2.70995e-06
3.35304e-06
3.6465e-06
3.55412e-06
3.08043e-06
2.27084e-06
1.20728e-06
4.93206e-19
-1.22388e-06
-2.3337e-06
-3.20922e-06
-3.75362e-06
-3.90413e-06
-3.63928e-06
-2.98172e-06
-1.99641e-06
-7.84244e-07
5.28256e-07
1.80211e-06
2.90058e-06
3.70384e-06
4.12199e-06
4.10513e-06
3.64917e-06
2.79695e-06
1.63424e-06
2.81174e-07
-1.12013e-06
-2.42051e-06
-3.47957e-06
-4.18084e-06
-4.44457e-06
-4.23671e-06
-3.57318e-06
-2.51884e-06
-1.18121e-06
3.00468e-07
1.76972e-06
3.06929e-06
4.05801e-06
4.62606e-06
4.70713e-06
4.28614e-06
3.40146e-06
2.14155e-06
6.36147e-07
-9.57041e-07
-2.46886e-06
-3.73663e-06
-4.62163e-06
-5.02425e-06
-4.89514e-06
-4.24115e-06
-3.12533e-06
-1.66096e-06
-8.76383e-19
1.68255e-06
3.20712e-06
4.40871e-06
5.15469e-06
5.35942e-06
4.99404e-06
4.09021e-06
2.73761e-06
1.07502e-06
-7.23857e-07
-2.4685e-06
-3.97174e-06
-5.06982e-06
-5.64019e-06
-5.61511e-06
-4.98967e-06
-3.82303e-06
-2.23298e-06
-3.84054e-07
1.52945e-06
3.30384e-06
4.74772e-06
5.70258e-06
6.06019e-06
5.77476e-06
4.86866e-06
3.43088e-06
1.60836e-06
-4.08981e-07
-2.40802e-06
-4.17489e-06
-5.51787e-06
-6.28811e-06
-6.39614e-06
-5.82211e-06
-4.61883e-06
-2.90701e-06
-8.63238e-07
1.29825e-06
3.34793e-06
5.06542e-06
6.26304e-06
6.80638e-06
6.62925e-06
5.74168e-06
4.22968e-06
2.24712e-06
-4.23902e-18
-2.27483e-06
-4.33464e-06
-5.95672e-06
-6.96235e-06
-7.23652e-06
-6.74096e-06
-5.51918e-06
-3.69283e-06
-1.44965e-06
9.75797e-07
3.32659e-06
5.35067e-06
6.82779e-06
7.5935e-06
7.55732e-06
6.7134e-06
5.1421e-06
3.00248e-06
5.16236e-07
-2.0552e-06
-4.43814e-06
-6.37573e-06
-7.65562e-06
-8.13315e-06
-7.74766e-06
-6.52996e-06
-4.60014e-06
-2.15583e-06
5.48023e-07
3.22567e-06
5.59077e-06
7.38693e-06
8.41549e-06
8.55743e-06
7.78705e-06
6.17577e-06
3.88574e-06
1.15352e-06
-1.73428e-06
-4.47103e-06
-6.7626e-06
-8.35896e-06
-9.08139e-06
-8.8424e-06
-7.65621e-06
-5.63836e-06
-2.99461e-06
-3.48472e-19
3.02973e-06
5.77138e-06
7.92874e-06
9.26455e-06
9.62654e-06
8.96466e-06
7.33768e-06
4.90813e-06
1.92616e-06
-1.29617e-06
-4.41748e-06
-7.10324e-06
-9.06154e-06
-1.00748e-05
-1.00239e-05
-8.90198e-06
-6.81647e-06
-3.97899e-06
-6.83938e-07
2.72206e-06
5.87652e-06
8.43966e-06
1.0131e-05
1.07598e-05
1.02469e-05
8.63397e-06
6.08062e-06
2.84884e-06
-7.23987e-07
-4.2602e-06
-7.38174e-06
-9.75056e-06
-1.11051e-05
-1.12893e-05
-1.02701e-05
-8.14276e-06
-5.12193e-06
-1.52007e-06
2.28475e-06
5.88852e-06
8.90416e-06
1.1003e-05
1.19507e-05
1.1633e-05
1.00697e-05
7.41372e-06
3.93646e-06
-5.94923e-18
-3.98045e-06
-7.58037e-06
-1.04111e-05
-1.21619e-05
-1.26337e-05
-1.17619e-05
-9.62463e-06
-6.43613e-06
-2.52513e-06
1.69878e-06
5.78809e-06
9.30467e-06
1.18667e-05
1.31902e-05
1.31201e-05
1.16485e-05
8.91721e-06
5.2039e-06
8.94249e-07
-3.55815e-06
-7.67951e-06
-1.10262e-05
-1.32324e-05
-1.40501e-05
-1.33769e-05
-1.12683e-05
-7.93384e-06
-3.71613e-06
9.44152e-07
5.5543e-06
9.62158e-06
1.27059e-05
1.44673e-05
1.47035e-05
1.33726e-05
1.05999e-05
6.66584e-06
1.97777e-06
-2.97193e-06
-7.65768e-06
-1.15764e-05
-1.43016e-05
-1.55294e-05
-1.51128e-05
-1.30786e-05
-9.62657e-06
-5.11013e-06
1.50453e-18
5.16468e-06
9.83316e-06
1.35018e-05
1.57684e-05
1.6376e-05
1.52422e-05
1.24695e-05
8.3365e-06
3.26991e-06
-2.19929e-06
-7.49159e-06
-1.20402e-05
-1.53518e-05
-1.70598e-05
-1.6965e-05
-1.50585e-05
-1.15248e-05
-6.72402e-06
-1.15519e-06
4.59531e-06
9.91562e-06
1.42334e-05
1.70772e-05
1.81282e-05
1.72554e-05
1.4532e-05
1.02293e-05
4.79018e-06
-1.21674e-06
-7.15621e-06
-1.23936e-05
-1.63627e-05
-1.86266e-05
-1.89262e-05
-1.72091e-05
-1.36378e-05
-8.57421e-06
-2.54339e-06
3.82099e-06
9.84312e-06
1.48768e-05
1.83746e-05
1.99475e-05
1.94078e-05
1.67916e-05
1.23567e-05
6.5579e-06
-7.45462e-18
-6.62485e-06
-1.26103e-05
-1.73112e-05
-2.02126e-05
-2.09867e-05
-1.95293e-05
-1.59731e-05
-1.06764e-05
-4.18677e-06
2.81532e-06
9.58784e-06
1.54058e-05
1.96386e-05
2.18186e-05
2.16925e-05
1.92505e-05
1.47298e-05
8.59201e-06
1.47578e-06
-5.86932e-06
-1.26618e-05
-1.81714e-05
-2.17972e-05
-2.31336e-05
-2.2015e-05
-1.85363e-05
-1.30452e-05
-6.10743e-06
1.551e-06
9.12012e-06
1.57914e-05
2.08441e-05
2.37229e-05
2.40993e-05
2.19081e-05
1.73579e-05
1.09107e-05
3.23577e-06
-4.86011e-06
-1.25173e-05
-1.89144e-05
-2.33566e-05
-2.53505e-05
-2.46594e-05
-2.13307e-05
-1.56937e-05
-8.3271e-06
-5.9688e-18
8.40855e-06
1.60022e-05
2.19628e-05
2.56385e-05
2.66148e-05
2.47613e-05
2.02482e-05
1.3531e-05
5.3051e-06
-3.56658e-06
-1.21438e-05
-1.95086e-05
-2.48636e-05
-2.76179e-05
-2.74526e-05
-2.43571e-05
-1.86334e-05
-1.08668e-05
-1.86612e-06
7.42019e-06
1.60042e-05
2.29634e-05
2.75398e-05
2.92223e-05
2.78037e-05
2.34055e-05
1.64686e-05
7.70864e-06
-1.95723e-06
-1.15065e-05
-1.99194e-05
-2.62876e-05
-2.99123e-05
-3.03807e-05
-2.76129e-05
-2.18734e-05
-1.37463e-05
-4.07591e-06
6.12079e-06
1.57611e-05
2.38112e-05
2.93976e-05
3.1901e-05
3.10252e-05
2.68319e-05
1.97372e-05
1.04705e-05
-7.98454e-18
-1.05688e-05
-2.01094e-05
-2.75946e-05
-3.22065e-05
-3.34264e-05
-3.10925e-05
-2.54205e-05
-1.69842e-05
-6.65769e-06
4.47505e-06
1.52341e-05
2.44684e-05
3.11788e-05
3.4626e-05
3.44122e-05
3.05261e-05
2.33483e-05
1.36138e-05
2.33742e-06
-9.29246e-06
-2.00386e-05
-2.87467e-05
-3.44691e-05
-3.6568e-05
-3.47862e-05
-2.9278e-05
-2.05968e-05
-9.63915e-06
2.44693e-06
1.43828e-05
2.4894e-05
3.28464e-05
3.73685e-05
3.79467e-05
3.44832e-05
2.73106e-05
1.71601e-05
5.0872e-06
-7.63804e-06
-1.96644e-05
-2.97028e-05
-3.66646e-05
-3.97795e-05
-3.86804e-05
-3.34464e-05
-2.45982e-05
-1.30469e-05
-3.99408e-18
1.31646e-05
2.5044e-05
3.43596e-05
4.0095e-05
4.16062e-05
3.86942e-05
3.16297e-05
2.1129e-05
8.28096e-06
-5.56516e-06
-1.89417e-05
-3.0418e-05
-3.87531e-05
-4.30302e-05
-4.27568e-05
-3.79217e-05
-2.89998e-05
-1.69061e-05
-2.90218e-06
1.15356e-05
2.48715e-05
3.56735e-05
4.27674e-05
4.53637e-05
4.31458e-05
3.63076e-05
2.55375e-05
1.19493e-05
-3.03285e-06
-1.78237e-05
-3.08442e-05
-4.06904e-05
-4.62845e-05
-4.69925e-05
-4.26961e-05
-3.38094e-05
-2.12399e-05
-6.29559e-06
9.45073e-06
2.4327e-05
3.67395e-05
4.53429e-05
4.91867e-05
4.78196e-05
4.1342e-05
3.03999e-05
1.61214e-05
-3.40368e-18
-1.62614e-05
-3.093e-05
-4.24281e-05
-4.9502e-05
-5.13592e-05
-4.77566e-05
-3.90311e-05
-2.60688e-05
-1.02153e-05
6.864e-06
2.33586e-05
3.75048e-05
4.7774e-05
5.3038e-05
5.26924e-05
4.67261e-05
3.57269e-05
2.08245e-05
3.57423e-06
-1.42046e-05
-3.0621e-05
-4.39131e-05
-5.26369e-05
-5.58233e-05
-5.30854e-05
-4.46647e-05
-3.14106e-05
-1.4695e-05
3.72915e-06
2.19122e-05
3.79134e-05
5.00083e-05
5.68744e-05
5.77352e-05
5.24482e-05
4.15252e-05
2.6083e-05
7.7299e-06
-1.1602e-05
-2.986e-05
-4.50884e-05
-5.56382e-05
-6.03454e-05
-5.8659e-05
-5.07051e-05
-3.72791e-05
-1.97665e-05
-1.44996e-18
1.99319e-05
3.79056e-05
5.19887e-05
6.06473e-05
6.2913e-05
5.8491e-05
4.77969e-05
3.19186e-05
1.25057e-05
-8.4017e-06
-2.85872e-05
-4.58928e-05
-5.84498e-05
-6.48803e-05
-6.44478e-05
-5.71418e-05
-4.36842e-05
-2.54588e-05
-4.36899e-06
1.73605e-05
3.74186e-05
5.36533e-05
6.43025e-05
6.81849e-05
6.48311e-05
5.45392e-05
3.83491e-05
1.79385e-05
-4.55156e-06
-2.67407e-05
-4.62611e-05
-6.10101e-05
-6.93764e-05
-7.04161e-05
-6.39586e-05
-5.0631e-05
-3.17979e-05
-9.42218e-06
1.414e-05
3.63866e-05
5.49356e-05
6.77797e-05
7.35034e-05
7.1439e-05
6.17433e-05
4.5388e-05
2.40626e-05
3.90766e-18
-2.4257e-05
-4.61245e-05
-6.32521e-05
-7.37761e-05
-7.65215e-05
-7.11329e-05
-5.81192e-05
-3.88063e-05
-1.52022e-05
1.02118e-05
3.47413e-05
5.57646e-05
7.10128e-05
7.88144e-05
7.82782e-05
6.93947e-05
5.3044e-05
3.09093e-05
5.30362e-06
-2.10714e-05
-4.54108e-05
-6.51041e-05
-7.80153e-05
-8.27144e-05
-7.86352e-05
-6.61428e-05
-4.65018e-05
-2.17491e-05
5.51769e-06
3.24123e-05
5.60653e-05
7.39301e-05
8.40569e-05
8.53051e-05
7.74718e-05
6.13201e-05
3.85059e-05
1.14083e-05
-1.71183e-05
-4.40449e-05
-6.64891e-05
-8.20235e-05
-8.89383e-05
-8.6429e-05
-7.4689e-05
-5.48973e-05
-2.91001e-05
-3.1528e-17
2.93276e-05
5.57588e-05
7.6454e-05
8.91629e-05
9.24688e-05
8.5946e-05
7.02133e-05
4.68755e-05
1.83608e-05
-1.2332e-05
-4.1949e-05
-6.73253e-05
-8.57237e-05
-9.51293e-05
-9.447e-05
-8.37383e-05
-6.39998e-05
-3.72886e-05
-6.39743e-06
2.54139e-05
5.47624e-05
7.85013e-05
9.40576e-05
9.97104e-05
9.47811e-05
7.97137e-05
5.6036e-05
2.6205e-05
-6.64731e-06
-3.90432e-05
-6.75267e-05
-8.90326e-05
-0.000101216
-0.000102706
-9.32634e-05
-7.38103e-05
-4.63435e-05
-1.37287e-05
2.05976e-05
5.29906e-05
7.99835e-05
9.86588e-05
0.000106963
0.000103933
8.98043e-05
6.59993e-05
3.4981e-05
-3.09354e-17
-3.5246e-05
-6.7003e-05
-9.18607e-05
-0.000107118
-0.000111076
-0.000103229
-8.43225e-05
-5.62885e-05
-2.20453e-05
1.48049e-05
5.0355e-05
8.0807e-05
0.000102878
0.000114152
0.000113348
0.00010046
7.67711e-05
4.47245e-05
7.67228e-06
-3.04748e-05
-6.56602e-05
-9.41125e-05
-0.00011275
-0.000119512
-0.000113591
-9.55227e-05
-6.71415e-05
-3.13949e-05
7.96292e-06
4.67652e-05
8.08733e-05
0.000106618
0.000121194
0.000122965
0.000111647
8.83498e-05
5.54663e-05
1.64294e-05
-2.46469e-05
-6.3401e-05
-9.56864e-05
-0.000118015
-0.000127935
-0.000124297
-0.000107389
-7.89139e-05
-4.18215e-05
-2.81515e-17
4.21292e-05
8.00796e-05
0.000109777
0.000127996
0.000132712
0.000123323
0.000100726
6.72311e-05
2.63282e-05
-1.76793e-05
-6.01253e-05
-9.64757e-05
-0.000122813
-0.000136258
-0.000135284
-0.00011989
-9.16097e-05
-5.33635e-05
-9.15332e-06
3.63539e-05
7.83191e-05
0.000112245
0.00013446
0.00014251
0.000135436
0.000113881
8.00374e-05
3.74212e-05
-9.49046e-06
-5.57307e-05
-9.63681e-05
-0.000127033
-0.000144385
-0.00014648
-0.000132985
-0.000105225
-6.60541e-05
-1.95637e-05
2.93459e-05
7.54814e-05
0.000113907
0.000140475
0.000152268
0.000147923
0.000127789
9.38959e-05
4.97566e-05
-2.54196e-17
-5.01132e-05
-9.52467e-05
-0.000130556
-0.00015221
-0.000157803
-0.000146625
-0.000119747
-7.99198e-05
-3.12942e-05
2.10121e-05
7.1453e-05
0.000114641
0.000145924
0.000161885
0.000160713
0.000142412
0.00010881
6.33769e-05
1.08699e-05
-4.31678e-05
-9.29902e-05
-0.00013326
-0.000159619
-0.00016916
-0.000160749
-0.000135154
-9.49798e-05
-4.44036e-05
1.12603e-05
6.61179e-05
0.00011432
0.000150683
0.000171251
0.000173722
0.000157703
0.000124773
7.83184e-05
2.31941e-05
-3.47887e-05
-8.94733e-05
-0.000135011
-0.000166487
-0.000180448
-0.000175285
-0.000151414
-0.000111246
-5.89457e-05
-1.55048e-17
5.93584e-05
0.000112809
0.000154617
0.000180247
0.000186855
0.000173606
0.00014177
9.46106e-05
3.70438e-05
-2.48706e-05
-8.45673e-05
-0.000135672
-0.00017268
-0.000191552
-0.000190151
-0.000168484
-0.00012872
-7.49682e-05
-1.2857e-05
5.10552e-05
0.000109973
0.000157585
0.000188741
0.000200008
0.000190049
0.000159777
0.000112275
5.24855e-05
-1.33088e-05
-7.81405e-05
-0.000135097
-0.000178057
-0.000202347
-0.000205251
-0.000186312
-0.000147397
-9.25129e-05
-2.73959e-05
4.1088e-05
0.000105667
0.000159436
0.000196592
0.000213063
0.000206953
0.000178757
0.000131326
6.95808e-05
-9.5721e-18
-7.00586e-05
-0.000133136
-0.000182465
-0.000212697
-0.00022048
-0.000204833
-0.00016726
-0.000111614
-4.36984e-05
2.93365e-05
9.97465e-05
0.000160014
0.000203649
0.000225891
0.000224224
0.000198663
0.000151767
8.83856e-05
1.51571e-05
-6.01854e-05
-0.000129631
-0.000185743
-0.000222453
-0.000235719
-0.000223968
-0.000188282
-0.000132298
-6.1842e-05
1.56804e-05
9.20598e-05
0.000159153
0.00020975
0.000238351
0.000241758
0.000219438
0.000173594
0.000108949
3.22615e-05
-4.83827e-05
-0.000124421
-0.000187722
-0.000231457
-0.000250836
-0.00024363
-0.000210426
-0.000154584
-8.18994e-05
1.20331e-17
8.24534e-05
0.000156682
0.000214725
0.000250289
0.000259435
0.000241011
0.000196793
0.000131315
5.14092e-05
-3.45114e-05
-0.000117336
-0.000188222
-0.000239539
-0.000265688
-0.000263716
-0.000233642
-0.000178481
-0.000103938
-1.78235e-05
7.07696e-05
0.000152422
0.000218389
0.00026154
0.000277125
0.000263299
0.000221337
0.000155518
7.2693e-05
-1.8431e-05
-0.000108204
-0.000187056
-0.000246515
-0.000280117
-0.00028411
-0.000257871
-0.00020399
-0.000128021
-3.79076e-05
5.68481e-05
0.000146185
0.000220551
0.000271925
0.000294682
0.000286207
0.000247191
0.000181587
9.62023e-05
-4.56075e-17
-9.68468e-05
-0.000184027
-0.000252192
-0.000293953
-0.000304685
-0.000283039
-0.000231103
-0.000154205
-6.03687e-05
4.05249e-05
0.000137777
0.000221006
0.000281254
0.000311949
0.000309625
0.000274309
0.000209541
0.000122023
2.09242e-05
-8.30792e-05
-0.000178929
-0.000256363
-0.00030701
-0.000325298
-0.000309062
-0.000259801
-0.00018254
-8.53221e-05
2.16326e-05
0.000126998
0.000219541
0.00028932
0.000328751
0.000333432
0.000302632
0.000239395
0.000150238
4.44854e-05
-6.67115e-05
-0.000171546
-0.00025881
-0.000319092
-0.000345792
-0.000335842
-0.000290056
-0.000213073
-0.000112882
-1.72583e-17
0.000113636
0.000215928
0.000295906
0.000344902
0.000357493
0.000332092
0.000271153
0.000180927
7.08297e-05
-4.7547e-05
-0.00016165
-0.000259299
-0.000329984
-0.000365996
-0.000363269
-0.000321833
-0.000245844
-0.000143164
-2.45492e-05
9.74725e-05
0.000209928
0.000300778
0.0003602
0.000381657
0.000362609
0.000304814
0.000214168
0.000100106
-2.5381e-05
-0.000149004
-0.000257585
-0.000339458
-0.000385725
-0.00039122
-0.000355085
-0.00028089
-0.000176281
-5.21973e-05
7.82773e-05
0.000201289
0.000303687
0.000374426
0.000405762
0.000394091
0.000340369
0.000250036
0.000132467
-1.61067e-18
-0.000133356
-0.000253403
-0.000347268
-0.000404777
-0.000419561
-0.000389758
-0.000318243
-0.000212353
-8.31341e-05
5.5808e-05
0.000189741
0.000304366
0.000387345
0.000429628
0.000426438
0.000377807
0.000288609
0.000168072
2.88213e-05
-0.000114438
-0.000246475
-0.000353151
-0.000422933
-0.000448141
-0.000425789
-0.000357936
-0.000251501
-0.00011756
2.98075e-05
0.000174997
0.00030253
0.000398704
0.000453064
0.000459536
0.000417108
0.000329966
0.000207089
6.13222e-05
-9.19653e-05
-0.000236498
-0.000356823
-0.00043996
-0.000476802
-0.00046311
-0.000399999
-0.000293854
-0.000155689
-8.42969e-17
0.000156749
0.000297871
0.000408229
0.000475859
0.000493265
0.000458252
0.000374191
0.000249699
9.77604e-05
-6.56305e-05
-0.000223149
-0.000357978
-0.000455602
-0.000505367
-0.000501645
-0.000444466
-0.000339552
-0.000197752
-3.3913e-05
0.000134664
0.000290058
0.000415625
0.000497788
0.000527494
0.00050122
0.000421377
0.000296099
0.000138417
-3.50984e-05
-0.000206075
-0.000356285
-0.000469584
-0.000533649
-0.000541316
-0.000491377
-0.000388751
-0.000244003
-7.22591e-05
0.000108377
0.000278725
0.000420571
0.000518606
0.000562084
0.000545992
0.000471629
0.000346509
0.000183603
-6.40285e-17
-0.000184889
-0.000351379
-0.000481607
-0.000561448
-0.000582043
-0.000540783
-0.000441627
-0.00029473
-0.000115403
7.74825e-05
0.000263475
0.000422715
0.000538051
0.000596887
0.000592557
0.000525074
0.000401179
0.000233669
4.00772e-05
-0.00015916
-0.00034286
-0.000491345
-0.000588547
-0.000623746
-0.00059275
-0.000498387
-0.000350258
-0.000163755
4.15288e-05
0.000243862
0.000421669
0.000555833
0.00063175
0.000640913
0.000581864
0.000460403
0.000289016
8.5601e-05
-0.000128406
-0.000330283
-0.000498438
-0.000614714
-0.000666346
-0.000647365
-0.000559279
-0.000410967
-0.000217791
-2.86478e-17
0.000219384
0.000417001
0.000571641
0.000666514
0.000691075
0.00064219
0.000524526
0.000350113
0.000137111
-9.20731e-05
-0.000313143
-0.000502487
-0.0006397
-0.000709776
-0.000704751
-0.000624603
-0.000477309
-0.000278062
-4.76999e-05
0.000189467
0.000408224
0.000585127
0.000701014
0.000743082
0.000706292
0.000593971
0.000417515
0.000195238
-4.95229e-05
-0.000290863
-0.000503043
-0.000663236
-0.000753979
-0.000765074
-0.000694734
-0.000549829
-0.000345227
-0.000102272
0.000153446
0.00039478
0.000595906
0.000735084
0.000797008
0.000774483
0.000669254
0.000491894
0.000260739
6.39749e-18
-0.000262771
-0.000499593
-0.000685028
-0.000798916
-0.000828561
-0.000770144
-0.000629195
-0.000420085
-0.000164555
0.000110532
0.000376019
0.000603541
0.000768553
0.000852974
0.000847165
0.000751026
0.000574077
0.000334528
5.74025e-05
-0.000228072
-0.000491541
-0.000704751
-0.000844577
-0.000895522
-0.000851437
-0.000716248
-0.000503617
-0.000235573
5.97723e-05
0.000351169
0.000607532
0.000801251
0.000911166
0.000924871
0.00084011
0.0006651
0.000417741
0.000123795
-0.000185801
-0.000478183
-0.000722045
-0.00089099
-0.000966382
-0.000939399
-0.00081205
-0.00059706
-0.000316598
-2.42241e-17
0.000319298
0.000607288
0.000833007
0.000971862
0.00100831
0.000937575
0.00076628
0.000511809
0.000200564
-0.000134772
-0.000458666
-0.000736494
-0.000938237
-0.00104172
-0.00103506
-0.00091798
-0.000701992
-0.000409242
-7.02529e-05
0.00027925
0.000602103
0.000863652
0.00103547
0.00109842
0.00104482
0.000879327
0.000618569
0.000289479
-7.34843e-05
-0.000431934
-0.000747614
-0.000986477
-0.00112235
-0.00113979
-0.00103585
-0.000820474
-0.000515591
-0.00015287
0.000229558
0.000591103
0.000893021
0.00110256
0.00119649
0.00116371
0.0010065
0.000740439
0.000392844
-1.05296e-16
-0.000396642
-0.000754823
-0.00103598
-0.00120937
-0.00125546
-0.00116808
-0.000955246
-0.000638408
-0.000250328
0.000168315
0.000573181
0.000920952
0.00117397
0.00130429
0.00129679
0.00115086
0.000880658
0.000513741
8.82514e-05
-0.000351031
-0.000757395
-0.00108716
-0.00130435
-0.00138463
-0.001318
-0.00111004
-0.000781437
-0.000365967
9.29702e-05
0.000546881
0.00094729
0.00125091
0.00142431
0.00144757
0.0013166
0.00104369
0.000656391
0.000194776
-0.000292726
-0.000754389
-0.00114067
-0.00140951
-0.00153091
-0.00149026
-0.00129007
-0.000949892
-0.000504424
-3.32442e-17
0.00051023
0.000971885
0.00133514
0.00156008
0.00162108
0.00150972
0.00123584
0.000826755
0.000324506
-0.000218412
-0.000744539
-0.00119752
-0.00152812
-0.00169955
-0.00169158
-0.00150285
-0.00115127
-0.000672347
-0.000115626
0.000460439
0.000994596
0.00142929
0.00171684
0.00182467
0.00173896
0.00146636
0.00103354
0.000484638
-0.000123272
-0.000726052
-0.00125927
-0.00166505
-0.00189836
-0.00193196
-0.00175954
-0.00139672
-0.000879639
-0.000261389
0.000393398
0.00101529
0.00153741
0.00190256
0.00206953
0.00201764
0.00174929
0.00129002
0.000686123
-4.95071e-17
-0.000696254
-0.0013284
-0.00182794
-0.0021395
-0.00222696
-0.00207757
-0.00170366
-0.00114174
-0.000448948
0.000302721
0.00103385
0.00166598
0.00212996
0.00237349
0.00236699
0.00210709
0.0016174
0.00094651
0.000163113
-0.000650909
-0.00140904
-0.00202926
-0.00244289
-0.00260214
-0.00248554
-0.00210074
-0.00148415
-0.000697584
0.000177866
0.00105017
0.00182596
0.00242047
0.00276673
0.00282306
0.00257795
0.00205191
0.00129582
0.000386133
-0.000582792
-0.00150843
-0.00229085
-0.00284343
-0.00310236
-0.00303392
-0.00263868
-0.00195214
-0.00104167
-3.44947e-17
0.00106415
0.0020373
0.00281324
0.0033045
0.00345211
0.00323247
0.00266073
0.00179001
0.000706619
-0.000478375
-0.00164042
-0.00265443
-0.00340812
-0.00381428
-0.00382069
-0.00341654
-0.00263466
-0.00154908
-0.000268242
0.0010757
0.0023403
0.00338778
0.00409978
0.00439053
0.00421689
0.00358412
0.00254674
0.0012041
-0.00030887
-0.00183495
-0.00321074
-0.00428381
-0.00492931
-0.0050641
-0.00465691
-0.00373336
-0.00237514
-0.000713137
0.00108475
0.0028302
0.00433373
0.00542481
0.0059706
0.0058915
0.00517155
0.00386261
0.00208144
-4.29104e-17
-0.00217057
-0.00420063
-0.0058656
-0.00696981
-0.00736853
-0.00698547
-0.00582397
-0.0039704
-0.00158906
0.00109126
0.00379806
0.00624141
0.00814337
0.00926768
0.0094467
0.00860277
0.00676154
0.00405553
0.000717074
-0.00293924
-0.0065434
-0.00970403
-0.0120467
-0.0132527
-0.0130959
-0.0114713
-0.00841617
-0.00411704
0.00109518
0.00676441
0.0123409
0.0172232
0.0208067
0.022536
0.0219553
0.018753
0.0127966
0.00415422
-0.00689916
-0.0198927
-0.0341861
-0.049011
-0.0635236
-0.0768643
-0.0882206
-0.0968869
-0.102317
0.895833
-0.102317
-0.0968869
-0.0882206
-0.0768643
-0.0635236
-0.049011
-0.0341861
-0.0198927
-0.00689916
0.00415422
0.0127966
0.018753
0.0219553
0.022536
0.0208067
0.0172232
0.0123409
0.00676441
0.00109518
-0.00411704
-0.00841617
-0.0114713
-0.0130959
-0.0132527
-0.0120467
-0.00970403
-0.0065434
-0.00293924
0.000717074
0.00405553
0.00676154
0.00860277
0.0094467
0.00926768
0.00814337
0.00624141
0.00379806
0.00109126
-0.00158906
-0.0039704
-0.00582397
-0.00698547
-0.00736853
-0.00696981
-0.0058656
-0.00420063
-0.00217057
-4.29104e-17
0.00208144
0.00386261
0.00517155
0.0058915
0.0059706
0.00542481
0.00433373
0.0028302
0.00108475
-0.000713137
-0.00237514
-0.00373336
-0.00465691
-0.0050641
-0.00492931
-0.00428381
-0.00321074
-0.00183495
-0.00030887
0.0012041
0.00254674
0.00358412
0.00421689
0.00439053
0.00409978
0.00338778
0.0023403
0.0010757
-0.000268242
-0.00154908
-0.00263466
-0.00341654
-0.00382069
-0.00381428
-0.00340812
-0.00265443
-0.00164042
-0.000478375
0.000706619
0.00179001
0.00266073
0.00323247
0.00345211
0.0033045
0.00281324
0.0020373
0.00106415
-3.44947e-17
-0.00104167
-0.00195214
-0.00263868
-0.00303392
-0.00310236
-0.00284343
-0.00229085
-0.00150843
-0.000582792
0.000386133
0.00129582
0.00205191
0.00257795
0.00282306
0.00276673
0.00242047
0.00182596
0.00105017
0.000177866
-0.000697584
-0.00148415
-0.00210074
-0.00248554
-0.00260214
-0.00244289
-0.00202926
-0.00140904
-0.000650909
0.000163113
0.00094651
0.0016174
0.00210709
0.00236699
0.00237349
0.00212996
0.00166598
0.00103385
0.000302721
-0.000448948
-0.00114174
-0.00170366
-0.00207757
-0.00222696
-0.0021395
-0.00182794
-0.0013284
-0.000696254
-4.95071e-17
0.000686123
0.00129002
0.00174929
0.00201764
0.00206953
0.00190256
0.00153741
0.00101529
0.000393398
-0.000261389
-0.000879639
-0.00139672
-0.00175954
-0.00193196
-0.00189836
-0.00166505
-0.00125927
-0.000726052
-0.000123272
0.000484638
0.00103354
0.00146636
0.00173896
0.00182467
0.00171684
0.00142929
0.000994596
0.000460439
-0.000115626
-0.000672347
-0.00115127
-0.00150285
-0.00169158
-0.00169955
-0.00152812
-0.00119752
-0.000744539
-0.000218412
0.000324506
0.000826755
0.00123584
0.00150972
0.00162108
0.00156008
0.00133514
0.000971885
0.00051023
-3.32442e-17
-0.000504424
-0.000949892
-0.00129007
-0.00149026
-0.00153091
-0.00140951
-0.00114067
-0.000754389
-0.000292726
0.000194776
0.000656391
0.00104369
0.0013166
0.00144757
0.00142431
0.00125091
0.00094729
0.000546881
9.29702e-05
-0.000365967
-0.000781437
-0.00111004
-0.001318
-0.00138463
-0.00130435
-0.00108716
-0.000757395
-0.000351031
8.82514e-05
0.000513741
0.000880658
0.00115086
0.00129679
0.00130429
0.00117397
0.000920952
0.000573181
0.000168315
-0.000250328
-0.000638408
-0.000955246
-0.00116808
-0.00125546
-0.00120937
-0.00103598
-0.000754823
-0.000396642
-1.05296e-16
0.000392844
0.000740439
0.0010065
0.00116371
0.00119649
0.00110256
0.000893021
0.000591103
0.000229558
-0.00015287
-0.000515591
-0.000820474
-0.00103585
-0.00113979
-0.00112235
-0.000986477
-0.000747614
-0.000431934
-7.34843e-05
0.000289479
0.000618569
0.000879327
0.00104482
0.00109842
0.00103547
0.000863652
0.000602103
0.00027925
-7.02529e-05
-0.000409242
-0.000701992
-0.00091798
-0.00103506
-0.00104172
-0.000938237
-0.000736494
-0.000458666
-0.000134772
0.000200564
0.000511809
0.00076628
0.000937575
0.00100831
0.000971862
0.000833007
0.000607288
0.000319298
-2.42241e-17
-0.000316598
-0.00059706
-0.00081205
-0.000939399
-0.000966382
-0.00089099
-0.000722045
-0.000478183
-0.000185801
0.000123795
0.000417741
0.0006651
0.00084011
0.000924871
0.000911166
0.000801251
0.000607532
0.000351169
5.97723e-05
-0.000235573
-0.000503617
-0.000716248
-0.000851437
-0.000895522
-0.000844577
-0.000704751
-0.000491541
-0.000228072
5.74025e-05
0.000334528
0.000574077
0.000751026
0.000847165
0.000852974
0.000768553
0.000603541
0.000376019
0.000110532
-0.000164555
-0.000420085
-0.000629195
-0.000770144
-0.000828561
-0.000798916
-0.000685028
-0.000499593
-0.000262771
6.39749e-18
0.000260739
0.000491894
0.000669254
0.000774483
0.000797008
0.000735084
0.000595906
0.00039478
0.000153446
-0.000102272
-0.000345227
-0.000549829
-0.000694734
-0.000765074
-0.000753979
-0.000663236
-0.000503043
-0.000290863
-4.95229e-05
0.000195238
0.000417515
0.000593971
0.000706292
0.000743082
0.000701014
0.000585127
0.000408224
0.000189467
-4.76999e-05
-0.000278062
-0.000477309
-0.000624603
-0.000704751
-0.000709776
-0.0006397
-0.000502487
-0.000313143
-9.20731e-05
0.000137111
0.000350113
0.000524526
0.00064219
0.000691075
0.000666514
0.000571641
0.000417001
0.000219384
-2.86478e-17
-0.000217791
-0.000410967
-0.000559279
-0.000647365
-0.000666346
-0.000614714
-0.000498438
-0.000330283
-0.000128406
8.5601e-05
0.000289016
0.000460403
0.000581864
0.000640913
0.00063175
0.000555833
0.000421669
0.000243862
4.15288e-05
-0.000163755
-0.000350258
-0.000498387
-0.00059275
-0.000623746
-0.000588547
-0.000491345
-0.00034286
-0.00015916
4.00772e-05
0.000233669
0.000401179
0.000525074
0.000592557
0.000596887
0.000538051
0.000422715
0.000263475
7.74825e-05
-0.000115403
-0.00029473
-0.000441627
-0.000540783
-0.000582043
-0.000561448
-0.000481607
-0.000351379
-0.000184889
-6.40285e-17
0.000183603
0.000346509
0.000471629
0.000545992
0.000562084
0.000518606
0.000420571
0.000278725
0.000108377
-7.22591e-05
-0.000244003
-0.000388751
-0.000491377
-0.000541316
-0.000533649
-0.000469584
-0.000356285
-0.000206075
-3.50984e-05
0.000138417
0.000296099
0.000421377
0.00050122
0.000527494
0.000497788
0.000415625
0.000290058
0.000134664
-3.3913e-05
-0.000197752
-0.000339552
-0.000444466
-0.000501645
-0.000505367
-0.000455602
-0.000357978
-0.000223149
-6.56305e-05
9.77604e-05
0.000249699
0.000374191
0.000458252
0.000493265
0.000475859
0.000408229
0.000297871
0.000156749
-8.42969e-17
-0.000155689
-0.000293854
-0.000399999
-0.00046311
-0.000476802
-0.00043996
-0.000356823
-0.000236498
-9.19653e-05
6.13222e-05
0.000207089
0.000329966
0.000417108
0.000459536
0.000453064
0.000398704
0.00030253
0.000174997
2.98075e-05
-0.00011756
-0.000251501
-0.000357936
-0.000425789
-0.000448141
-0.000422933
-0.000353151
-0.000246475
-0.000114438
2.88213e-05
0.000168072
0.000288609
0.000377807
0.000426438
0.000429628
0.000387345
0.000304366
0.000189741
5.5808e-05
-8.31341e-05
-0.000212353
-0.000318243
-0.000389758
-0.000419561
-0.000404777
-0.000347268
-0.000253403
-0.000133356
-1.61067e-18
0.000132467
0.000250036
0.000340369
0.000394091
0.000405762
0.000374426
0.000303687
0.000201289
7.82773e-05
-5.21973e-05
-0.000176281
-0.00028089
-0.000355085
-0.00039122
-0.000385725
-0.000339458
-0.000257585
-0.000149004
-2.5381e-05
0.000100106
0.000214168
0.000304814
0.000362609
0.000381657
0.0003602
0.000300778
0.000209928
9.74725e-05
-2.45492e-05
-0.000143164
-0.000245844
-0.000321833
-0.000363269
-0.000365996
-0.000329984
-0.000259299
-0.00016165
-4.7547e-05
7.08297e-05
0.000180927
0.000271153
0.000332092
0.000357493
0.000344902
0.000295906
0.000215928
0.000113636
-1.72583e-17
-0.000112882
-0.000213073
-0.000290056
-0.000335842
-0.000345792
-0.000319092
-0.00025881
-0.000171546
-6.67115e-05
4.44854e-05
0.000150238
0.000239395
0.000302632
0.000333432
0.000328751
0.00028932
0.000219541
0.000126998
2.16326e-05
-8.53221e-05
-0.00018254
-0.000259801
-0.000309062
-0.000325298
-0.00030701
-0.000256363
-0.000178929
-8.30792e-05
2.09242e-05
0.000122023
0.000209541
0.000274309
0.000309625
0.000311949
0.000281254
0.000221006
0.000137777
4.05249e-05
-6.03687e-05
-0.000154205
-0.000231103
-0.000283039
-0.000304685
-0.000293953
-0.000252192
-0.000184027
-9.68468e-05
-4.56075e-17
9.62023e-05
0.000181587
0.000247191
0.000286207
0.000294682
0.000271925
0.000220551
0.000146185
5.68481e-05
-3.79076e-05
-0.000128021
-0.00020399
-0.000257871
-0.00028411
-0.000280117
-0.000246515
-0.000187056
-0.000108204
-1.8431e-05
7.2693e-05
0.000155518
0.000221337
0.000263299
0.000277125
0.00026154
0.000218389
0.000152422
7.07696e-05
-1.78235e-05
-0.000103938
-0.000178481
-0.000233642
-0.000263716
-0.000265688
-0.000239539
-0.000188222
-0.000117336
-3.45114e-05
5.14092e-05
0.000131315
0.000196793
0.000241011
0.000259435
0.000250289
0.000214725
0.000156682
8.24534e-05
1.20331e-17
-8.18994e-05
-0.000154584
-0.000210426
-0.00024363
-0.000250836
-0.000231457
-0.000187722
-0.000124421
-4.83827e-05
3.22615e-05
0.000108949
0.000173594
0.000219438
0.000241758
0.000238351
0.00020975
0.000159153
9.20598e-05
1.56804e-05
-6.1842e-05
-0.000132298
-0.000188282
-0.000223968
-0.000235719
-0.000222453
-0.000185743
-0.000129631
-6.01854e-05
1.51571e-05
8.83856e-05
0.000151767
0.000198663
0.000224224
0.000225891
0.000203649
0.000160014
9.97465e-05
2.93365e-05
-4.36984e-05
-0.000111614
-0.00016726
-0.000204833
-0.00022048
-0.000212697
-0.000182465
-0.000133136
-7.00586e-05
-9.5721e-18
6.95808e-05
0.000131326
0.000178757
0.000206953
0.000213063
0.000196592
0.000159436
0.000105667
4.1088e-05
-2.73959e-05
-9.25129e-05
-0.000147397
-0.000186312
-0.000205251
-0.000202347
-0.000178057
-0.000135097
-7.81405e-05
-1.33088e-05
5.24855e-05
0.000112275
0.000159777
0.000190049
0.000200008
0.000188741
0.000157585
0.000109973
5.10552e-05
-1.2857e-05
-7.49682e-05
-0.00012872
-0.000168484
-0.000190151
-0.000191552
-0.00017268
-0.000135672
-8.45673e-05
-2.48706e-05
3.70438e-05
9.46106e-05
0.00014177
0.000173606
0.000186855
0.000180247
0.000154617
0.000112809
5.93584e-05
-1.55048e-17
-5.89457e-05
-0.000111246
-0.000151414
-0.000175285
-0.000180448
-0.000166487
-0.000135011
-8.94733e-05
-3.47887e-05
2.31941e-05
7.83184e-05
0.000124773
0.000157703
0.000173722
0.000171251
0.000150683
0.00011432
6.61179e-05
1.12603e-05
-4.44036e-05
-9.49798e-05
-0.000135154
-0.000160749
-0.00016916
-0.000159619
-0.00013326
-9.29902e-05
-4.31678e-05
1.08699e-05
6.33769e-05
0.00010881
0.000142412
0.000160713
0.000161885
0.000145924
0.000114641
7.1453e-05
2.10121e-05
-3.12942e-05
-7.99198e-05
-0.000119747
-0.000146625
-0.000157803
-0.00015221
-0.000130556
-9.52467e-05
-5.01132e-05
-2.54196e-17
4.97566e-05
9.38959e-05
0.000127789
0.000147923
0.000152268
0.000140475
0.000113907
7.54814e-05
2.93459e-05
-1.95637e-05
-6.60541e-05
-0.000105225
-0.000132985
-0.00014648
-0.000144385
-0.000127033
-9.63681e-05
-5.57307e-05
-9.49046e-06
3.74212e-05
8.00374e-05
0.000113881
0.000135436
0.00014251
0.00013446
0.000112245
7.83191e-05
3.63539e-05
-9.15332e-06
-5.33635e-05
-9.16097e-05
-0.00011989
-0.000135284
-0.000136258
-0.000122813
-9.64757e-05
-6.01253e-05
-1.76793e-05
2.63282e-05
6.72311e-05
0.000100726
0.000123323
0.000132712
0.000127996
0.000109777
8.00796e-05
4.21292e-05
-2.81515e-17
-4.18215e-05
-7.89139e-05
-0.000107389
-0.000124297
-0.000127935
-0.000118015
-9.56864e-05
-6.3401e-05
-2.46469e-05
1.64294e-05
5.54663e-05
8.83498e-05
0.000111647
0.000122965
0.000121194
0.000106618
8.08733e-05
4.67652e-05
7.96292e-06
-3.13949e-05
-6.71415e-05
-9.55227e-05
-0.000113591
-0.000119512
-0.00011275
-9.41125e-05
-6.56602e-05
-3.04748e-05
7.67228e-06
4.47245e-05
7.67711e-05
0.00010046
0.000113348
0.000114152
0.000102878
8.0807e-05
5.0355e-05
1.48049e-05
-2.20453e-05
-5.62885e-05
-8.43225e-05
-0.000103229
-0.000111076
-0.000107118
-9.18607e-05
-6.7003e-05
-3.5246e-05
-3.09354e-17
3.4981e-05
6.59993e-05
8.98043e-05
0.000103933
0.000106963
9.86588e-05
7.99835e-05
5.29906e-05
2.05976e-05
-1.37287e-05
-4.63435e-05
-7.38103e-05
-9.32634e-05
-0.000102706
-0.000101216
-8.90326e-05
-6.75267e-05
-3.90432e-05
-6.64731e-06
2.6205e-05
5.6036e-05
7.97137e-05
9.47811e-05
9.97104e-05
9.40576e-05
7.85013e-05
5.47624e-05
2.54139e-05
-6.39743e-06
-3.72886e-05
-6.39998e-05
-8.37383e-05
-9.447e-05
-9.51293e-05
-8.57237e-05
-6.73253e-05
-4.1949e-05
-1.2332e-05
1.83608e-05
4.68755e-05
7.02133e-05
8.5946e-05
9.24688e-05
8.91629e-05
7.6454e-05
5.57588e-05
2.93276e-05
-3.1528e-17
-2.91001e-05
-5.48973e-05
-7.4689e-05
-8.6429e-05
-8.89383e-05
-8.20235e-05
-6.64891e-05
-4.40449e-05
-1.71183e-05
1.14083e-05
3.85059e-05
6.13201e-05
7.74718e-05
8.53051e-05
8.40569e-05
7.39301e-05
5.60653e-05
3.24123e-05
5.51769e-06
-2.17491e-05
-4.65018e-05
-6.61428e-05
-7.86352e-05
-8.27144e-05
-7.80153e-05
-6.51041e-05
-4.54108e-05
-2.10714e-05
5.30362e-06
3.09093e-05
5.3044e-05
6.93947e-05
7.82782e-05
7.88144e-05
7.10128e-05
5.57646e-05
3.47413e-05
1.02118e-05
-1.52022e-05
-3.88063e-05
-5.81192e-05
-7.11329e-05
-7.65215e-05
-7.37761e-05
-6.32521e-05
-4.61245e-05
-2.4257e-05
3.90766e-18
2.40626e-05
4.5388e-05
6.17433e-05
7.1439e-05
7.35034e-05
6.77797e-05
5.49356e-05
3.63866e-05
1.414e-05
-9.42218e-06
-3.17979e-05
-5.0631e-05
-6.39586e-05
-7.04161e-05
-6.93764e-05
-6.10101e-05
-4.62611e-05
-2.67407e-05
-4.55156e-06
1.79385e-05
3.83491e-05
5.45392e-05
6.48311e-05
6.81849e-05
6.43025e-05
5.36533e-05
3.74186e-05
1.73605e-05
-4.36899e-06
-2.54588e-05
-4.36842e-05
-5.71418e-05
-6.44478e-05
-6.48803e-05
-5.84498e-05
-4.58928e-05
-2.85872e-05
-8.4017e-06
1.25057e-05
3.19186e-05
4.77969e-05
5.8491e-05
6.2913e-05
6.06473e-05
5.19887e-05
3.79056e-05
1.99319e-05
-1.44996e-18
-1.97665e-05
-3.72791e-05
-5.07051e-05
-5.8659e-05
-6.03454e-05
-5.56382e-05
-4.50884e-05
-2.986e-05
-1.1602e-05
7.7299e-06
2.6083e-05
4.15252e-05
5.24482e-05
5.77352e-05
5.68744e-05
5.00083e-05
3.79134e-05
2.19122e-05
3.72915e-06
-1.4695e-05
-3.14106e-05
-4.46647e-05
-5.30854e-05
-5.58233e-05
-5.26369e-05
-4.39131e-05
-3.0621e-05
-1.42046e-05
3.57423e-06
2.08245e-05
3.57269e-05
4.67261e-05
5.26924e-05
5.3038e-05
4.7774e-05
3.75048e-05
2.33586e-05
6.864e-06
-1.02153e-05
-2.60688e-05
-3.90311e-05
-4.77566e-05
-5.13592e-05
-4.9502e-05
-4.24281e-05
-3.093e-05
-1.62614e-05
-3.40368e-18
1.61214e-05
3.03999e-05
4.1342e-05
4.78196e-05
4.91867e-05
4.53429e-05
3.67395e-05
2.4327e-05
9.45073e-06
-6.29559e-06
-2.12399e-05
-3.38094e-05
-4.26961e-05
-4.69925e-05
-4.62845e-05
-4.06904e-05
-3.08442e-05
-1.78237e-05
-3.03285e-06
1.19493e-05
2.55375e-05
3.63076e-05
4.31458e-05
4.53637e-05
4.27674e-05
3.56735e-05
2.48715e-05
1.15356e-05
-2.90218e-06
-1.69061e-05
-2.89998e-05
-3.79217e-05
-4.27568e-05
-4.30302e-05
-3.87531e-05
-3.0418e-05
-1.89417e-05
-5.56516e-06
8.28096e-06
2.1129e-05
3.16297e-05
3.86942e-05
4.16062e-05
4.0095e-05
3.43596e-05
2.5044e-05
1.31646e-05
-3.99408e-18
-1.30469e-05
-2.45982e-05
-3.34464e-05
-3.86804e-05
-3.97795e-05
-3.66646e-05
-2.97028e-05
-1.96644e-05
-7.63804e-06
5.0872e-06
1.71601e-05
2.73106e-05
3.44832e-05
3.79467e-05
3.73685e-05
3.28464e-05
2.4894e-05
1.43828e-05
2.44693e-06
-9.63915e-06
-2.05968e-05
-2.9278e-05
-3.47862e-05
-3.6568e-05
-3.44691e-05
-2.87467e-05
-2.00386e-05
-9.29246e-06
2.33742e-06
1.36138e-05
2.33483e-05
3.05261e-05
3.44122e-05
3.4626e-05
3.11788e-05
2.44684e-05
1.52341e-05
4.47505e-06
-6.65769e-06
-1.69842e-05
-2.54205e-05
-3.10925e-05
-3.34264e-05
-3.22065e-05
-2.75946e-05
-2.01094e-05
-1.05688e-05
-7.98454e-18
1.04705e-05
1.97372e-05
2.68319e-05
3.10252e-05
3.1901e-05
2.93976e-05
2.38112e-05
1.57611e-05
6.12079e-06
-4.07591e-06
-1.37463e-05
-2.18734e-05
-2.76129e-05
-3.03807e-05
-2.99123e-05
-2.62876e-05
-1.99194e-05
-1.15065e-05
-1.95723e-06
7.70864e-06
1.64686e-05
2.34055e-05
2.78037e-05
2.92223e-05
2.75398e-05
2.29634e-05
1.60042e-05
7.42019e-06
-1.86612e-06
-1.08668e-05
-1.86334e-05
-2.43571e-05
-2.74526e-05
-2.76179e-05
-2.48636e-05
-1.95086e-05
-1.21438e-05
-3.56658e-06
5.3051e-06
1.3531e-05
2.02482e-05
2.47613e-05
2.66148e-05
2.56385e-05
2.19628e-05
1.60022e-05
8.40855e-06
-5.9688e-18
-8.3271e-06
-1.56937e-05
-2.13307e-05
-2.46594e-05
-2.53505e-05
-2.33566e-05
-1.89144e-05
-1.25173e-05
-4.86011e-06
3.23577e-06
1.09107e-05
1.73579e-05
2.19081e-05
2.40993e-05
2.37229e-05
2.08441e-05
1.57914e-05
9.12012e-06
1.551e-06
-6.10743e-06
-1.30452e-05
-1.85363e-05
-2.2015e-05
-2.31336e-05
-2.17972e-05
-1.81714e-05
-1.26618e-05
-5.86932e-06
1.47578e-06
8.59201e-06
1.47298e-05
1.92505e-05
2.16925e-05
2.18186e-05
1.96386e-05
1.54058e-05
9.58784e-06
2.81532e-06
-4.18677e-06
-1.06764e-05
-1.59731e-05
-1.95293e-05
-2.09867e-05
-2.02126e-05
-1.73112e-05
-1.26103e-05
-6.62485e-06
-7.45462e-18
6.5579e-06
1.23567e-05
1.67916e-05
1.94078e-05
1.99475e-05
1.83746e-05
1.48768e-05
9.84312e-06
3.82099e-06
-2.54339e-06
-8.57421e-06
-1.36378e-05
-1.72091e-05
-1.89262e-05
-1.86266e-05
-1.63627e-05
-1.23936e-05
-7.15621e-06
-1.21674e-06
4.79018e-06
1.02293e-05
1.4532e-05
1.72554e-05
1.81282e-05
1.70772e-05
1.42334e-05
9.91562e-06
4.59531e-06
-1.15519e-06
-6.72402e-06
-1.15248e-05
-1.50585e-05
-1.6965e-05
-1.70598e-05
-1.53518e-05
-1.20402e-05
-7.49159e-06
-2.19929e-06
3.26991e-06
8.3365e-06
1.24695e-05
1.52422e-05
1.6376e-05
1.57684e-05
1.35018e-05
9.83316e-06
5.16468e-06
1.50453e-18
-5.11013e-06
-9.62657e-06
-1.30786e-05
-1.51128e-05
-1.55294e-05
-1.43016e-05
-1.15764e-05
-7.65768e-06
-2.97193e-06
1.97777e-06
6.66584e-06
1.05999e-05
1.33726e-05
1.47035e-05
1.44673e-05
1.27059e-05
9.62158e-06
5.5543e-06
9.44152e-07
-3.71613e-06
-7.93384e-06
-1.12683e-05
-1.33769e-05
-1.40501e-05
-1.32324e-05
-1.10262e-05
-7.67951e-06
-3.55815e-06
8.94249e-07
5.2039e-06
8.91721e-06
1.16485e-05
1.31201e-05
1.31902e-05
1.18667e-05
9.30467e-06
5.78809e-06
1.69878e-06
-2.52513e-06
-6.43613e-06
-9.62463e-06
-1.17619e-05
-1.26337e-05
-1.21619e-05
-1.04111e-05
-7.58037e-06
-3.98045e-06
-5.94923e-18
3.93646e-06
7.41372e-06
1.00697e-05
1.1633e-05
1.19507e-05
1.1003e-05
8.90416e-06
5.88852e-06
2.28475e-06
-1.52007e-06
-5.12193e-06
-8.14276e-06
-1.02701e-05
-1.12893e-05
-1.11051e-05
-9.75056e-06
-7.38174e-06
-4.2602e-06
-7.23987e-07
2.84884e-06
6.08062e-06
8.63397e-06
1.02469e-05
1.07598e-05
1.0131e-05
8.43966e-06
5.87652e-06
2.72206e-06
-6.83938e-07
-3.97899e-06
-6.81647e-06
-8.90198e-06
-1.00239e-05
-1.00748e-05
-9.06154e-06
-7.10324e-06
-4.41748e-06
-1.29617e-06
1.92616e-06
4.90813e-06
7.33768e-06
8.96466e-06
9.62654e-06
9.26455e-06
7.92874e-06
5.77138e-06
3.02973e-06
-3.48472e-19
-2.99461e-06
-5.63836e-06
-7.65621e-06
-8.8424e-06
-9.08139e-06
-8.35896e-06
-6.7626e-06
-4.47103e-06
-1.73428e-06
1.15352e-06
3.88574e-06
6.17577e-06
7.78705e-06
8.55743e-06
8.41549e-06
7.38693e-06
5.59077e-06
3.22567e-06
5.48023e-07
-2.15583e-06
-4.60014e-06
-6.52996e-06
-7.74766e-06
-8.13315e-06
-7.65562e-06
-6.37573e-06
-4.43814e-06
-2.0552e-06
5.16236e-07
3.00248e-06
5.1421e-06
6.7134e-06
7.55732e-06
7.5935e-06
6.82779e-06
5.35067e-06
3.32659e-06
9.75797e-07
-1.44965e-06
-3.69283e-06
-5.51918e-06
-6.74096e-06
-7.23652e-06
-6.96235e-06
-5.95672e-06
-4.33464e-06
-2.27483e-06
-4.23902e-18
2.24712e-06
4.22968e-06
5.74168e-06
6.62925e-06
6.80638e-06
6.26304e-06
5.06542e-06
3.34793e-06
1.29825e-06
-8.63238e-07
-2.90701e-06
-4.61883e-06
-5.82211e-06
-6.39614e-06
-6.28811e-06
-5.51787e-06
-4.17489e-06
-2.40802e-06
-4.08981e-07
1.60836e-06
3.43088e-06
4.86866e-06
5.77476e-06
6.06019e-06
5.70258e-06
4.74772e-06
3.30384e-06
1.52945e-06
-3.84054e-07
-2.23298e-06
-3.82303e-06
-4.98967e-06
-5.61511e-06
-5.64019e-06
-5.06982e-06
-3.97174e-06
-2.4685e-06
-7.23857e-07
1.07502e-06
2.73761e-06
4.09021e-06
4.99404e-06
5.35942e-06
5.15469e-06
4.40871e-06
3.20712e-06
1.68255e-06
-8.76383e-19
-1.66096e-06
-3.12533e-06
-4.24115e-06
-4.89514e-06
-5.02425e-06
-4.62163e-06
-3.73663e-06
-2.46886e-06
-9.57041e-07
6.36147e-07
2.14155e-06
3.40146e-06
4.28614e-06
4.70713e-06
4.62606e-06
4.05801e-06
3.06929e-06
1.76972e-06
3.00468e-07
-1.18121e-06
-2.51884e-06
-3.57318e-06
-4.23671e-06
-4.44457e-06
-4.18084e-06
-3.47957e-06
-2.42051e-06
-1.12013e-06
2.81174e-07
1.63424e-06
2.79695e-06
3.64917e-06
4.10513e-06
4.12199e-06
3.70384e-06
2.90058e-06
1.80211e-06
5.28256e-07
-7.84244e-07
-1.99641e-06
-2.98172e-06
-3.63928e-06
-3.90413e-06
-3.75362e-06
-3.20922e-06
-2.3337e-06
-1.22388e-06
4.93206e-19
1.20728e-06
2.27084e-06
3.08043e-06
3.55412e-06
3.6465e-06
3.35304e-06
2.70995e-06
1.78984e-06
6.93561e-07
-4.60838e-07
-1.55079e-06
-2.46222e-06
-3.10144e-06
-3.40477e-06
-3.34484e-06
-2.933e-06
-2.21753e-06
-1.27811e-06
-2.16918e-07
8.52429e-07
1.81703e-06
2.5766e-06
3.05387e-06
3.20245e-06
3.01125e-06
2.50517e-06
1.742e-06
8.05822e-07
-2.02196e-07
-1.17474e-06
-2.00972e-06
-2.62104e-06
-2.94735e-06
-2.95827e-06
-2.6571e-06
-2.08001e-06
-1.29177e-06
-3.78506e-07
5.61698e-07
1.42931e-06
2.13385e-06
2.60336e-06
2.79167e-06
2.68294e-06
2.29288e-06
1.66666e-06
8.73693e-07
-8.09094e-19
-8.61126e-07
-1.61906e-06
-2.19536e-06
-2.53188e-06
-2.5966e-06
-2.38661e-06
-1.92806e-06
-1.27288e-06
-4.93029e-07
3.27453e-07
1.10146e-06
1.74805e-06
2.20091e-06
2.41512e-06
2.37158e-06
2.07867e-06
1.57092e-06
9.05027e-07
1.53531e-07
-6.0307e-07
-1.28493e-06
-1.82126e-06
-2.15766e-06
-2.26162e-06
-2.12564e-06
-1.7676e-06
-1.22857e-06
-5.68061e-07
1.42473e-07
8.27374e-07
1.41482e-06
1.84433e-06
2.07299e-06
2.07971e-06
1.86712e-06
1.46093e-06
9.06876e-07
2.65603e-07
-3.93967e-07
-1.00203e-06
-1.49525e-06
-1.82339e-06
-1.95435e-06
-1.87734e-06
-1.60364e-06
-1.1651e-06
-6.10476e-07
2.04663e-20
6.01116e-07
1.12965e-06
1.531e-06
1.76483e-06
1.80905e-06
1.66194e-06
1.34196e-06
8.85509e-07
3.42818e-07
-2.27575e-07
-7.65115e-07
-1.21366e-06
-1.52731e-06
-1.67511e-06
-1.64408e-06
-1.44029e-06
-1.08792e-06
-6.26446e-07
-1.06218e-07
4.17008e-07
8.88039e-07
1.25805e-06
1.48965e-06
1.56062e-06
1.46602e-06
1.21845e-06
8.46433e-07
3.91164e-07
-9.80538e-08
-5.6912e-07
-9.72681e-07
-1.26729e-06
-1.42364e-06
-1.42749e-06
-1.28088e-06
-1.00168e-06
-6.21454e-07
-1.8191e-07
2.69678e-07
6.85526e-07
1.02239e-06
1.24607e-06
1.33483e-06
1.28151e-06
1.09406e-06
7.94428e-07
4.16018e-07
-5.53416e-19
-4.09174e-07
-7.68502e-07
-1.04094e-06
-1.19923e-06
-1.22857e-06
-1.12801e-06
-9.10297e-07
-6.0032e-07
-2.32272e-07
1.541e-07
5.17783e-07
8.20839e-07
1.03236e-06
1.13158e-06
1.10995e-06
9.71783e-07
7.3359e-07
4.22158e-07
7.15358e-08
-2.80675e-07
-5.97343e-07
-8.45712e-07
-1.00078e-06
-1.0478e-06
-9.8367e-07
-8.17042e-07
-5.67227e-07
-2.61967e-07
6.56261e-08
3.80661e-07
6.50169e-07
8.46549e-07
9.50379e-07
9.52328e-07
8.53959e-07
6.6738e-07
4.1378e-07
1.2104e-07
-1.79321e-07
-4.55534e-07
-6.78929e-07
-8.26907e-07
-8.8521e-07
-8.49277e-07
-7.24559e-07
-5.25763e-07
-2.75138e-07
-9.22131e-20
2.70237e-07
5.07202e-07
6.86532e-07
7.90372e-07
8.09139e-07
7.42384e-07
5.98674e-07
3.9453e-07
1.5254e-07
-1.01129e-07
-3.39553e-07
-5.37902e-07
-6.76018e-07
-7.40453e-07
-7.25766e-07
-6.34951e-07
-4.78963e-07
-2.75423e-07
-4.66362e-08
1.82843e-07
3.88839e-07
5.50096e-07
6.50465e-07
6.80506e-07
6.38364e-07
5.29819e-07
3.67539e-07
1.69612e-07
-4.24566e-08
-2.46074e-07
-4.19962e-07
-5.46375e-07
-6.129e-07
-6.13666e-07
-5.49836e-07
-4.29357e-07
-2.65988e-07
-7.77444e-08
1.15084e-07
2.9211e-07
4.35002e-07
5.29375e-07
5.66227e-07
5.42788e-07
4.62689e-07
3.35458e-07
1.754e-07
-3.03928e-19
-1.71982e-07
-3.2251e-07
-4.36162e-07
-5.01697e-07
-5.13162e-07
-4.70413e-07
-3.79017e-07
-2.49554e-07
-9.64013e-08
6.3854e-08
2.14205e-07
3.39027e-07
4.25693e-07
4.65845e-07
4.56189e-07
3.9874e-07
3.00505e-07
1.72643e-07
2.92058e-08
-1.14398e-07
-2.43054e-07
-3.43529e-07
-4.05825e-07
-4.24165e-07
-3.97519e-07
-3.29611e-07
-2.28433e-07
-1.05316e-07
2.63367e-08
1.52496e-07
2.60004e-07
3.37936e-07
3.78709e-07
3.78807e-07
3.39069e-07
2.64509e-07
1.637e-07
4.77991e-08
-7.06848e-08
-1.79233e-07
-2.66638e-07
-3.24154e-07
-3.46365e-07
-3.31686e-07
-2.82448e-07
-2.04568e-07
-1.06851e-07
-7.50579e-20
1.0455e-07
1.95852e-07
2.64591e-07
3.04026e-07
3.10644e-07
2.84463e-07
2.28951e-07
1.50586e-07
5.81079e-08
-3.84479e-08
-1.28839e-07
-2.03695e-07
-2.55489e-07
-2.79283e-07
-2.73196e-07
-2.38531e-07
-1.79569e-07
-1.03051e-07
-1.74138e-08
6.81343e-08
1.44601e-07
2.04151e-07
2.40905e-07
2.51513e-07
2.35451e-07
1.95012e-07
1.35001e-07
6.21708e-08
-1.553e-08
-8.98225e-08
-1.52975e-07
-1.98606e-07
-2.2232e-07
-2.22129e-07
-1.98606e-07
-1.5476e-07
-9.56721e-08
-2.79044e-08
4.12189e-08
1.04401e-07
1.55142e-07
1.88399e-07
2.01085e-07
1.92352e-07
1.63618e-07
1.18373e-07
6.17619e-08
-1.31725e-19
-6.0301e-08
-1.1284e-07
-1.5228e-07
-1.74789e-07
-1.78405e-07
-1.63197e-07
-1.31212e-07
-8.62111e-08
-3.32328e-08
2.19665e-08
7.35348e-08
1.16142e-07
1.45529e-07
1.58926e-07
1.55311e-07
1.35473e-07
1.01889e-07
5.84173e-08
9.86241e-09
-3.85531e-08
-8.1748e-08
-1.15312e-07
-1.35955e-07
-1.41822e-07
-1.32656e-07
-1.09783e-07
-7.59398e-08
-3.49451e-08
8.72262e-09
5.04135e-08
8.57985e-08
1.11316e-07
1.24527e-07
1.24343e-07
1.11109e-07
8.65308e-08
5.34643e-08
1.55859e-08
-2.30118e-08
-5.82602e-08
-8.65405e-08
-1.05053e-07
-1.12091e-07
-1.07191e-07
-9.11559e-08
-6.59354e-08
-3.43965e-08
-3.67735e-20
3.35766e-08
6.28296e-08
8.47924e-08
9.73336e-08
9.936e-08
9.09072e-08
7.31082e-08
4.80493e-08
1.85289e-08
-1.22526e-08
-4.10368e-08
-6.48506e-08
-8.13102e-08
-8.88572e-08
-8.69029e-08
-7.58673e-08
-5.71123e-08
-3.27777e-08
-5.53976e-09
2.16808e-08
4.60297e-08
6.50162e-08
7.67652e-08
8.02004e-08
7.51388e-08
6.22908e-08
4.31667e-08
1.99023e-08
-4.97792e-09
-2.88323e-08
-4.91802e-08
-6.39581e-08
-7.17264e-08
-7.1807e-08
-6.43395e-08
-5.02501e-08
-3.11401e-08
-9.10617e-09
1.34883e-08
3.42642e-08
5.10751e-08
6.2227e-08
6.6647e-08
6.39842e-08
5.46343e-08
3.96852e-08
2.07931e-08
5.41605e-21
-2.04846e-08
-3.85166e-08
-5.22398e-08
-6.02749e-08
-6.18563e-08
-5.69035e-08
-4.60198e-08
-3.04211e-08
-1.18009e-08
7.8514e-09
2.64616e-08
4.20874e-08
5.3119e-08
5.84436e-08
5.7556e-08
5.06051e-08
3.8373e-08
2.21871e-08
3.77844e-09
-1.49027e-08
-3.1891e-08
-4.5411e-08
-5.40609e-08
-5.69564e-08
-5.38201e-08
-4.50075e-08
-3.14671e-08
-1.46393e-08
3.69522e-09
2.16026e-08
3.71974e-08
