-5.97783e-08
-1.52911e-07
-2.16039e-07
-2.36242e-07
-2.08409e-07
-1.36422e-07
-3.28231e-08
8.30609e-08
1.88354e-07
2.60773e-07
2.8302e-07
2.46624e-07
1.54425e-07
2.10726e-08
-1.28836e-07
-2.64855e-07
-3.56474e-07
-3.79567e-07
-3.2223e-07
-1.88657e-07
-7.02712e-20
2.08358e-07
3.92948e-07
5.10828e-07
5.29063e-07
4.33061e-07
2.31788e-07
-4.16503e-08
-3.34718e-07
-5.84987e-07
-7.32902e-07
-7.35269e-07
-5.76536e-07
-2.7511e-07
1.17224e-07
5.23374e-07
8.55447e-07
1.03313e-06
1.00219e-06
7.49085e-07
3.07839e-07
-2.42829e-07
-7.92641e-07
-1.22111e-06
-1.42314e-06
-1.33363e-06
-9.45455e-07
-3.1634e-07
4.38003e-07
1.16411e-06
1.70115e-06
1.91551e-06
1.73253e-06
1.15791e-06
2.83314e-07
-7.26375e-07
-1.66301e-06
-2.31706e-06
-2.52323e-06
-2.20024e-06
-1.3753e-06
-1.86938e-07
1.13628e-06
2.3184e-06
3.09245e-06
3.25918e-06
2.73564e-06
1.58211e-06
-3.96233e-19
-1.70128e-06
-3.16331e-06
-4.05269e-06
-4.13525e-06
-3.33402e-06
-1.75737e-06
3.10959e-07
2.46068e-06
4.23463e-06
5.22427e-06
5.16141e-06
3.98599e-06
1.87353e-06
-7.86461e-07
-3.45979e-06
-5.57295e-06
-6.63409e-06
-6.34455e-06
-4.67615e-06
-1.89531e-06
1.47485e-06
4.75013e-06
7.22201e-06
8.30842e-06
7.68713e-06
5.38171e-06
1.77858e-06
-2.43291e-06
-6.38944e-06
-9.22811e-06
-1.02717e-05
-9.18572e-06
-6.071e-06
-1.46923e-06
3.72644e-06
8.44146e-06
1.16392e-05
1.25453e-05
1.08293e-05
6.70197e-06
9.02085e-07
-5.43054e-06
-1.09754e-05
-1.45035e-05
-1.51452e-05
-1.25974e-05
-7.22065e-06
-6.74142e-19
7.62978e-06
1.40655e-05
1.78685e-05
1.80812e-05
1.44585e-05
7.55959e-06
-1.32697e-06
-1.0418e-05
-1.77894e-05
-2.17786e-05
-2.13537e-05
-1.63675e-05
-7.6364e-06
3.1822e-06
1.38982e-05
2.22275e-05
2.62737e-05
2.49522e-05
1.82642e-05
7.35239e-06
-5.68284e-06
-1.81814e-05
-2.74609e-05
-3.13863e-05
-2.88524e-05
-2.00707e-05
-6.59131e-06
8.95997e-06
2.33859e-05
3.35692e-05
3.71396e-05
3.30139e-05
2.169e-05
5.21832e-06
-1.31584e-05
-2.96357e-05
-4.06287e-05
-4.35439e-05
-3.73773e-05
-2.30034e-05
-3.07923e-06
1.84359e-05
3.70587e-05
4.8709e-05
5.05942e-05
4.18616e-05
2.38692e-05
-5.31844e-20
-2.49626e-05
-4.57845e-05
-5.78704e-05
-5.82665e-05
-4.63614e-05
-2.41207e-05
4.21339e-06
3.29191e-05
5.59416e-05
6.81602e-05
6.65148e-05
5.07444e-05
2.35651e-05
-9.77464e-06
-4.24952e-05
-6.76543e-05
-7.96092e-05
-7.5267e-05
-5.48484e-05
-2.19824e-05
1.69165e-05
5.38869e-05
8.10393e-05
9.22276e-05
8.4422e-05
5.84795e-05
1.91246e-05
-2.58893e-05
-6.72937e-05
-9.62014e-05
-0.000106001
-9.38456e-05
-6.14094e-05
-1.47155e-05
3.69597e-05
8.29156e-05
0.00011323
0.000120885
0.000103367
6.33739e-05
8.45109e-06
-5.0408e-05
-0.000100949
-0.000132193
-0.000136803
-0.000112777
-6.40713e-05
-5.496e-18
6.65253e-05
0.000121582
0.000153133
0.00015364
0.000121822
6.31614e-05
-1.0995e-05
-8.56106e-05
-0.00014499
-0.000176062
-0.000171237
-0.000130203
-6.02648e-05
2.49154e-05
0.000107966
0.00017133
0.000200957
0.000189389
0.000137573
5.49631e-05
-4.21641e-05
-0.000133894
-0.000200738
-0.00022775
-0.000207839
-0.000143535
-4.67988e-05
6.3163e-05
0.000163691
0.000233317
0.00025633
0.000226276
0.000147639
3.52769e-05
-8.83491e-05
-0.00019764
-0.000269138
-0.000286531
-0.000244327
-0.000149382
-1.98659e-05
0.000118171
0.000236012
0.000308228
0.000318128
0.000261561
0.000148207
-3.20385e-17
-0.000153083
-0.000279053
-0.000350568
-0.000350834
-0.000277475
-0.000143503
2.49185e-05
0.000193543
0.000326978
0.000396084
0.000384296
0.000291503
0.000134601
-5.55166e-05
-0.000240005
-0.000379972
-0.000444643
-0.000418083
-0.000303004
-0.000120782
9.24475e-05
0.000292916
0.000438175
0.000496046
0.00045169
0.000311264
0.000101269
-0.000136388
-0.00035271
-0.000501684
-0.00055002
-0.000484529
-0.000315495
-7.52318e-05
0.000188035
0.000419803
0.000570539
0.000606218
0.000515924
0.000314829
4.17883e-05
-0.000248105
-0.00049459
-0.000644727
-0.00066421
-0.000545111
-0.000308318
-1.42039e-17
0.000317329
0.000577442
0.000724171
0.000723478
0.000571228
0.000294928
-5.11275e-05
-0.000396457
-0.0006687
-0.000808728
-0.000783411
-0.000593315
-0.000273538
0.000112648
0.000486256
0.000768682
0.000898185
0.000843304
0.000610302
0.000242931
-0.000185682
-0.000587515
-0.000877675
-0.000992261
-0.000902345
-0.000621009
-0.000201785
0.000271422
0.000701052
0.000995945
0.0010906
0.000959619
0.000624127
0.000148659
-0.00037115
-0.000827726
-0.00112374
-0.00119278
-0.00101409
-0.00061821
-8.19778e-05
0.000486258
0.000968454
0.00126131
0.0012983
0.0010646
0.000601652
-2.29654e-17
-0.000618273
-0.00112424
-0.0014089
-0.00140659
-0.00110986
-0.000572662
9.92149e-05
0.000768899
0.00129619
0.00156681
0.00151703
0.0011484
0.000529227
-0.000217861
-0.000940078
-0.00148561
-0.00173538
-0.00162893
-0.0011786
-0.000469051
0.000358458
0.00113406
0.00169401
0.00191509
0.00174154
0.00119859
0.000389487
-0.000523959
-0.00135354
-0.00192326
-0.00210655
-0.00185407
-0.00120626
-0.000287424
0.000717894
0.00160176
0.00217571
0.00231067
0.00196571
0.00119913
0.000159125
-0.000944588
-0.00188284
-0.00245435
-0.0025287
-0.0020756
-0.00117425
-2.70572e-17
0.00120947
0.00220198
0.00276317
0.00276245
0.00218285
0.00112803
-0.000195746
-0.00151954
-0.00256609
-0.00310753
-0.00301456
-0.00228661
-0.00105596
0.000435642
0.00188408
0.00298446
0.00349483
0.00328885
0.00238597
0.000952194
-0.000729788
-0.00231578
-0.00347
-0.00393557
-0.00359098
-0.0024801
-0.000808847
0.00109221
0.00283255
0.00404121
0.00444504
0.00392944
0.00256814
0.000614819
-0.00154316
-0.00346065
-0.00472553
-0.00504623
-0.00431738
-0.00264931
-0.000353728
0.00211321
0.00424022
0.00556548
0.00577524
0.00477581
0.00272285
-4.2422e-17
-0.00285097
-0.00523598
-0.00663035
-0.00669164
-0.00534005
-0.00278808
0.000489032
0.00383902
0.00655935
0.00804104
0.00790083
0.00607364
0.00284438
-0.00119082
-0.00523002
-0.00841958
-0.0100283
-0.00960746
-0.00710236
-0.00289121
0.00226281
0.00734114
0.011261
0.0130933
0.0122665
0.00871322
0.00292811
-0.00408259
-0.0109574
-0.01622
-0.0185638
-0.0171308
-0.0117305
-0.00295473
0.00784091
0.0186964
0.0273276
0.0314883
0.0293541
0.019866
0.00297081
-0.0202857
-0.0478369
-0.0768385
-0.104044
-0.126255
-0.140782
0.854167
-0.140782
-0.126255
-0.104044
-0.0768385
-0.0478369
-0.0202857
0.00297081
0.019866
0.0293541
0.0314883
0.0273276
0.0186964
0.00784091
-0.00295473
-0.0117305
-0.0171308
-0.0185638
-0.01622
-0.0109574
-0.00408259
0.00292811
0.00871322
0.0122665
0.0130933
0.011261
0.00734114
0.00226281
-0.00289121
-0.00710236
-0.00960746
-0.0100283
-0.00841958
-0.00523002
-0.00119082
0.00284438
0.00607364
0.00790083
0.00804104
0.00655935
0.00383902
0.000489032
-0.00278808
-0.00534005
-0.00669164
-0.00663035
-0.00523598
-0.00285097
-4.2422e-17
0.00272285
0.00477581
0.00577524
0.00556548
0.00424022
0.00211321
-0.000353728
-0.00264931
-0.00431738
-0.00504623
-0.00472553
-0.00346065
-0.00154316
0.000614819
0.00256814
0.00392944
0.00444504
0.00404121
0.00283255
0.00109221
-0.000808847
-0.0024801
-0.00359098
-0.00393557
-0.00347
-0.00231578
-0.000729788
0.000952194
0.00238597
0.00328885
0.00349483
0.00298446
0.00188408
0.000435642
-0.00105596
-0.00228661
-0.00301456
-0.00310753
-0.00256609
-0.00151954
-0.000195746
0.00112803
0.00218285
0.00276245
0.00276317
0.00220198
0.00120947
-2.70572e-17
-0.00117425
-0.0020756
-0.0025287
-0.00245435
-0.00188284
-0.000944588
0.000159125
0.00119913
0.00196571
0.00231067
0.00217571
0.00160176
0.000717894
-0.000287424
-0.00120626
-0.00185407
-0.00210655
-0.00192326
-0.00135354
-0.000523959
0.000389487
0.00119859
0.00174154
0.00191509
0.00169401
0.00113406
0.000358458
-0.000469051
-0.0011786
-0.00162893
-0.00173538
-0.00148561
-0.000940078
-0.000217861
0.000529227
0.0011484
0.00151703
0.00156681
0.00129619
0.000768899
9.92149e-05
-0.000572662
-0.00110986
-0.00140659
-0.0014089
-0.00112424
-0.000618273
-2.29654e-17
0.000601652
0.0010646
0.0012983
0.00126131
0.000968454
0.000486258
-8.19778e-05
-0.00061821
-0.00101409
-0.00119278
-0.00112374
-0.000827726
-0.00037115
0.000148659
0.000624127
0.000959619
0.0010906
0.000995945
0.000701052
0.000271422
-0.000201785
-0.000621009
-0.000902345
-0.000992261
-0.000877675
-0.000587515
-0.000185682
0.000242931
0.000610302
0.000843304
0.000898185
0.000768682
0.000486256
0.000112648
-0.000273538
-0.000593315
-0.000783411
-0.000808728
-0.0006687
-0.000396457
-5.11275e-05
0.000294928
0.000571228
0.000723478
0.000724171
0.000577442
0.000317329
-1.42039e-17
-0.000308318
-0.000545111
-0.00066421
-0.000644727
-0.00049459
-0.000248105
4.17883e-05
0.000314829
0.000515924
0.000606218
0.000570539
0.000419803
0.000188035
-7.52318e-05
-0.000315495
-0.000484529
-0.00055002
-0.000501684
-0.00035271
-0.000136388
0.000101269
0.000311264
0.00045169
0.000496046
0.000438175
0.000292916
9.24475e-05
-0.000120782
-0.000303004
-0.000418083
-0.000444643
-0.000379972
-0.000240005
-5.55166e-05
0.000134601
0.000291503
0.000384296
0.000396084
0.000326978
0.000193543
2.49185e-05
-0.000143503
-0.000277475
-0.000350834
-0.000350568
-0.000279053
-0.000153083
-3.20385e-17
0.000148207
0.000261561
0.000318128
0.000308228
0.000236012
0.000118171
-1.98659e-05
-0.000149382
-0.000244327
-0.000286531
-0.000269138
-0.00019764
-8.83491e-05
3.52769e-05
0.000147639
0.000226276
0.00025633
0.000233317
0.000163691
6.3163e-05
-4.67988e-05
-0.000143535
-0.000207839
-0.00022775
-0.000200738
-0.000133894
-4.21641e-05
5.49631e-05
0.000137573
0.000189389
0.000200957
0.00017133
0.000107966
2.49154e-05
-6.02648e-05
-0.000130203
-0.000171237
-0.000176062
-0.00014499
-8.56106e-05
-1.0995e-05
6.31614e-05
0.000121822
0.00015364
0.000153133
0.000121582
6.65253e-05
-5.496e-18
-6.40713e-05
-0.000112777
-0.000136803
-0.000132193
-0.000100949
-5.0408e-05
8.45109e-06
6.33739e-05
0.000103367
0.000120885
0.00011323
8.29156e-05
3.69597e-05
-1.47155e-05
-6.14094e-05
-9.38456e-05
-0.000106001
-9.62014e-05
-6.72937e-05
-2.58893e-05
1.91246e-05
5.84795e-05
8.4422e-05
9.22276e-05
8.10393e-05
5.38869e-05
1.69165e-05
-2.19824e-05
-5.48484e-05
-7.5267e-05
-7.96092e-05
-6.76543e-05
-4.24952e-05
-9.77464e-06
2.35651e-05
5.07444e-05
6.65148e-05
6.81602e-05
5.59416e-05
3.29191e-05
4.21339e-06
-2.41207e-05
-4.63614e-05
-5.82665e-05
-5.78704e-05
-4.57845e-05
-2.49626e-05
-5.31844e-20
2.38692e-05
4.18616e-05
5.05942e-05
4.8709e-05
3.70587e-05
1.84359e-05
-3.07923e-06
-2.30034e-05
-3.73773e-05
-4.35439e-05
-4.06287e-05
-2.96357e-05
-1.31584e-05
5.21832e-06
2.169e-05
3.30139e-05
3.71396e-05
3.35692e-05
2.33859e-05
8.95997e-06
-6.59131e-06
-2.00707e-05
-2.88524e-05
-3.13863e-05
-2.74609e-05
-1.81814e-05
-5.68284e-06
7.35239e-06
1.82642e-05
2.49522e-05
2.62737e-05
2.22275e-05
1.38982e-05
3.1822e-06
-7.6364e-06
-1.63675e-05
-2.13537e-05
-2.17786e-05
-1.77894e-05
-1.0418e-05
-1.32697e-06
7.55959e-06
1.44585e-05
1.80812e-05
1.78685e-05
1.40655e-05
7.62978e-06
-6.74142e-19
-7.22065e-06
-1.25974e-05
-1.51452e-05
-1.45035e-05
-1.09754e-05
-5.43054e-06
9.02085e-07
6.70197e-06
1.08293e-05
1.25453e-05
1.16392e-05
8.44146e-06
3.72644e-06
-1.46923e-06
-6.071e-06
-9.18572e-06
-1.02717e-05
-9.22811e-06
-6.38944e-06
-2.43291e-06
1.77858e-06
5.38171e-06
7.68713e-06
8.30842e-06
7.22201e-06
4.75013e-06
1.47485e-06
-1.89531e-06
-4.67615e-06
-6.34455e-06
-6.63409e-06
-5.57295e-06
-3.45979e-06
-7.86461e-07
1.87353e-06
3.98599e-06
5.16141e-06
5.22427e-06
4.23463e-06
2.46068e-06
3.10959e-07
-1.75737e-06
-3.33402e-06
-4.13525e-06
-4.05269e-06
-3.16331e-06
-1.70128e-06
-3.96233e-19
1.58211e-06
2.73564e-06
3.25918e-06
3.09245e-06
2.3184e-06
1.13628e-06
-1.86938e-07
-1.3753e-06
-2.20024e-06
-2.52323e-06
-2.31706e-06
-1.66301e-06
-7.26375e-07
2.83314e-07
1.15791e-06
1.73253e-06
1.91551e-06
1.70115e-06
1.16411e-06
4.38003e-07
-3.1634e-07
-9.45455e-07
-1.33363e-06
-1.42314e-06
-1.22111e-06
-7.92641e-07
-2.42829e-07
3.07839e-07
7.49085e-07
1.00219e-06
1.03313e-06
8.55447e-07
5.23374e-07
1.17224e-07
-2.7511e-07
-5.76536e-07
-7.35269e-07
-7.32902e-07
-5.84987e-07
-3.34718e-07
-4.16503e-08
2.31788e-07
4.33061e-07
5.29063e-07
5.10828e-07
3.92948e-07
2.08358e-07
-7.02712e-20
-1.88657e-07
-3.2223e-07
-3.79567e-07
-3.56474e-07
-2.64855e-07
-1.28836e-07
2.10726e-08
1.54425e-07
2.46624e-07
2.8302e-07
2.60773e-07
1.88354e-07
8.30609e-08
-3.28231e-08
-1.36422e-07
-2.08409e-07
-2.36242e-07
-2.16039e-07
-1.52911e-07
-5.97783e-08
