5.97783e-08
1.52911e-07
2.16039e-07
2.36242e-07
2.08409e-07
1.36422e-07
3.2823e-08
-8.30608e-08
-1.88353e-07
-2.60772e-07
-2.8302e-07
-2.46623e-07
-1.54425e-07
-2.10726e-08
1.28836e-07
2.64855e-07
3.56473e-07
3.79567e-07
3.2223e-07
1.88657e-07
-7.02656e-21
-2.08358e-07
-3.92947e-07
-5.10827e-07
-5.29063e-07
-4.3306e-07
-2.31787e-07
4.16502e-08
3.34717e-07
5.84987e-07
7.32901e-07
7.35268e-07
5.76535e-07
2.7511e-07
-1.17224e-07
-5.23374e-07
-8.55446e-07
-1.03313e-06
-1.00219e-06
-7.49084e-07
-3.07838e-07
2.42828e-07
7.9264e-07
1.22111e-06
1.42314e-06
1.33363e-06
9.45454e-07
3.1634e-07
-4.38002e-07
-1.16411e-06
-1.70114e-06
-1.9155e-06
-1.73253e-06
-1.1579e-06
-2.83314e-07
7.26375e-07
1.66301e-06
2.31705e-06
2.52323e-06
2.20024e-06
1.3753e-06
1.86938e-07
-1.13627e-06
-2.3184e-06
-3.09245e-06
-3.25918e-06
-2.73563e-06
-1.58211e-06
-1.09176e-20
1.70128e-06
3.1633e-06
4.05269e-06
4.13525e-06
3.33401e-06
1.75737e-06
-3.10959e-07
-2.46068e-06
-4.23463e-06
-5.22427e-06
-5.16141e-06
-3.98599e-06
-1.87352e-06
7.86461e-07
3.45978e-06
5.57294e-06
6.63408e-06
6.34454e-06
4.67615e-06
1.89531e-06
-1.47484e-06
-4.75012e-06
-7.222e-06
-8.30841e-06
-7.68712e-06
-5.3817e-06
-1.77858e-06
2.43291e-06
6.38943e-06
9.2281e-06
1.02717e-05
9.18571e-06
6.07099e-06
1.46923e-06
-3.72644e-06
-8.44145e-06
-1.16392e-05
-1.25452e-05
-1.08293e-05
-6.70196e-06
-9.02084e-07
5.43054e-06
1.09754e-05
1.45035e-05
1.51452e-05
1.25974e-05
7.22064e-06
-1.15097e-19
-7.62977e-06
-1.40655e-05
-1.78685e-05
-1.80812e-05
-1.44585e-05
-7.55958e-06
1.32697e-06
1.0418e-05
1.77894e-05
2.17786e-05
2.13537e-05
1.63675e-05
7.63639e-06
-3.1822e-06
-1.38982e-05
-2.22275e-05
-2.62736e-05
-2.49522e-05
-1.82642e-05
-7.35238e-06
5.68284e-06
1.81814e-05
2.74609e-05
3.13863e-05
2.88524e-05
2.00707e-05
6.5913e-06
-8.95996e-06
-2.33858e-05
-3.35692e-05
-3.71395e-05
-3.30138e-05
-2.169e-05
-5.21831e-06
1.31583e-05
2.96356e-05
4.06286e-05
4.35438e-05
3.73772e-05
2.30034e-05
3.07923e-06
-1.84359e-05
-3.70586e-05
-4.87089e-05
-5.05941e-05
-4.18615e-05
-2.38692e-05
9.19439e-19
2.49625e-05
4.57844e-05
5.78703e-05
5.82665e-05
4.63614e-05
2.41207e-05
-4.21338e-06
-3.29191e-05
-5.59415e-05
-6.81601e-05
-6.65147e-05
-5.07443e-05
-2.35651e-05
9.77463e-06
4.24952e-05
6.76542e-05
7.96091e-05
7.5267e-05
5.48484e-05
2.19824e-05
-1.69165e-05
-5.38868e-05
-8.10392e-05
-9.22275e-05
-8.44219e-05
-5.84795e-05
-1.91246e-05
2.58893e-05
6.72936e-05
9.62013e-05
0.000106001
9.38455e-05
6.14093e-05
1.47155e-05
-3.69597e-05
-8.29155e-05
-0.00011323
-0.000120885
-0.000103367
-6.33738e-05
-8.45109e-06
5.04079e-05
0.000100949
0.000132193
0.000136803
0.000112777
6.40712e-05
2.89609e-19
-6.65252e-05
-0.000121582
-0.000153133
-0.00015364
-0.000121822
-6.31613e-05
1.0995e-05
8.56105e-05
0.000144989
0.000176062
0.000171237
0.000130202
6.02648e-05
-2.49153e-05
-0.000107966
-0.00017133
-0.000200957
-0.000189388
-0.000137573
-5.4963e-05
4.2164e-05
0.000133894
0.000200738
0.00022775
0.000207839
0.000143534
4.67988e-05
-6.31629e-05
-0.00016369
-0.000233317
-0.00025633
-0.000226275
-0.000147638
-3.52769e-05
8.8349e-05
0.00019764
0.000269138
0.00028653
0.000244327
0.000149382
1.98659e-05
-0.000118171
-0.000236012
-0.000308228
-0.000318127
-0.00026156
-0.000148207
2.66969e-18
0.000153083
0.000279052
0.000350568
0.000350834
0.000277475
0.000143503
-2.49185e-05
-0.000193543
-0.000326978
-0.000396084
-0.000384295
-0.000291503
-0.000134601
5.55165e-05
0.000240005
0.000379972
0.000444643
0.000418083
0.000303004
0.000120782
-9.24474e-05
-0.000292916
-0.000438175
-0.000496045
-0.00045169
-0.000311264
-0.000101268
0.000136388
0.00035271
0.000501683
0.000550019
0.000484528
0.000315495
7.52318e-05
-0.000188035
-0.000419803
-0.000570539
-0.000606218
-0.000515924
-0.000314829
-4.17883e-05
0.000248104
0.00049459
0.000644727
0.00066421
0.00054511
0.000308317
-2.42506e-18
-0.000317329
-0.000577441
-0.00072417
-0.000723477
-0.000571228
-0.000294927
5.11275e-05
0.000396457
0.0006687
0.000808727
0.000783411
0.000593314
0.000273538
-0.000112648
-0.000486256
-0.000768681
-0.000898184
-0.000843303
-0.000610302
-0.000242931
0.000185681
0.000587515
0.000877674
0.00099226
0.000902344
0.000621008
0.000201785
-0.000271421
-0.000701051
-0.000995944
-0.0010906
-0.000959618
-0.000624126
-0.000148659
0.00037115
0.000827725
0.00112374
0.00119278
0.00101409
0.000618209
8.19778e-05
-0.000486258
-0.000968453
-0.00126131
-0.0012983
-0.0010646
-0.000601651
-1.35271e-18
0.000618272
0.00112423
0.0014089
0.00140659
0.00110985
0.000572662
-9.92148e-05
-0.000768899
-0.00129619
-0.00156681
-0.00151703
-0.0011484
-0.000529226
0.000217861
0.000940077
0.0014856
0.00173538
0.00162892
0.00117859
0.00046905
-0.000358458
-0.00113406
-0.00169401
-0.00191509
-0.00174153
-0.00119859
-0.000389487
0.000523959
0.00135353
0.00192326
0.00210655
0.00185407
0.00120626
0.000287423
-0.000717893
-0.00160176
-0.00217571
-0.00231067
-0.00196571
-0.00119913
-0.000159125
0.000944587
0.00188283
0.00245435
0.00252869
0.00207559
0.00117425
-4.61952e-18
-0.00120947
-0.00220198
-0.00276317
-0.00276245
-0.00218285
-0.00112803
0.000195745
0.00151954
0.00256609
0.00310753
0.00301456
0.0022866
0.00105596
-0.000435641
-0.00188408
-0.00298445
-0.00349483
-0.00328885
-0.00238597
-0.000952193
0.000729787
0.00231578
0.00346999
0.00393557
0.00359097
0.0024801
0.000808846
-0.00109221
-0.00283255
-0.0040412
-0.00444503
-0.00392944
-0.00256814
-0.000614819
0.00154316
0.00346064
0.00472553
0.00504623
0.00431737
0.00264931
0.000353727
-0.0021132
-0.00424022
-0.00556548
-0.00577523
-0.0047758
-0.00272285
5.39916e-18
0.00285096
0.00523598
0.00663035
0.00669163
0.00534004
0.00278808
-0.000489031
-0.00383902
-0.00655934
-0.00804104
-0.00790083
-0.00607363
-0.00284438
0.00119082
0.00523001
0.00841957
0.0100283
0.00960745
0.00710235
0.00289121
-0.0022628
-0.00734114
-0.011261
-0.0130933
-0.0122665
-0.00871321
-0.00292811
0.00408258
0.0109574
0.0162199
0.0185638
0.0171308
0.0117305
0.00295473
-0.00784091
-0.0186963
-0.0273276
-0.0314882
-0.029354
-0.0198659
-0.00297081
0.0202857
0.0478368
0.0768384
0.104044
0.126255
0.140782
0.145833
0.140782
0.126255
0.104044
0.0768384
0.0478368
0.0202857
-0.00297081
-0.0198659
-0.029354
-0.0314882
-0.0273276
-0.0186963
-0.00784091
0.00295473
0.0117305
0.0171308
0.0185638
0.0162199
0.0109574
0.00408258
-0.00292811
-0.00871321
-0.0122665
-0.0130933
-0.011261
-0.00734114
-0.0022628
0.00289121
0.00710235
0.00960745
0.0100283
0.00841957
0.00523001
0.00119082
-0.00284438
-0.00607363
-0.00790083
-0.00804104
-0.00655934
-0.00383902
-0.000489031
0.00278808
0.00534004
0.00669163
0.00663035
0.00523598
0.00285096
5.39916e-18
-0.00272285
-0.0047758
-0.00577523
-0.00556548
-0.00424022
-0.0021132
0.000353727
0.00264931
0.00431737
0.00504623
0.00472553
0.00346064
0.00154316
-0.000614819
-0.00256814
-0.00392944
-0.00444503
-0.0040412
-0.00283255
-0.00109221
0.000808846
0.0024801
0.00359097
0.00393557
0.00346999
0.00231578
0.000729787
-0.000952193
-0.00238597
-0.00328885
-0.00349483
-0.00298445
-0.00188408
-0.000435641
0.00105596
0.0022866
0.00301456
0.00310753
0.00256609
0.00151954
0.000195745
-0.00112803
-0.00218285
-0.00276245
-0.00276317
-0.00220198
-0.00120947
-4.61952e-18
0.00117425
0.00207559
0.00252869
0.00245435
0.00188283
0.000944587
-0.000159125
-0.00119913
-0.00196571
-0.00231067
-0.00217571
-0.00160176
-0.000717893
0.000287423
0.00120626
0.00185407
0.00210655
0.00192326
0.00135353
0.000523959
-0.000389487
-0.00119859
-0.00174153
-0.00191509
-0.00169401
-0.00113406
-0.000358458
0.00046905
0.00117859
0.00162892
0.00173538
0.0014856
0.000940077
0.000217861
-0.000529226
-0.0011484
-0.00151703
-0.00156681
-0.00129619
-0.000768899
-9.92148e-05
0.000572662
0.00110985
0.00140659
0.0014089
0.00112423
0.000618272
-1.35271e-18
-0.000601651
-0.0010646
-0.0012983
-0.00126131
-0.000968453
-0.000486258
8.19778e-05
0.000618209
0.00101409
0.00119278
0.00112374
0.000827725
0.00037115
-0.000148659
-0.000624126
-0.000959618
-0.0010906
-0.000995944
-0.000701051
-0.000271421
0.000201785
0.000621008
0.000902344
0.00099226
0.000877674
0.000587515
0.000185681
-0.000242931
-0.000610302
-0.000843303
-0.000898184
-0.000768681
-0.000486256
-0.000112648
0.000273538
0.000593314
0.000783411
0.000808727
0.0006687
0.000396457
5.11275e-05
-0.000294927
-0.000571228
-0.000723477
-0.00072417
-0.000577441
-0.000317329
-2.42506e-18
0.000308317
0.00054511
0.00066421
0.000644727
0.00049459
0.000248104
-4.17883e-05
-0.000314829
-0.000515924
-0.000606218
-0.000570539
-0.000419803
-0.000188035
7.52318e-05
0.000315495
0.000484528
0.000550019
0.000501683
0.00035271
0.000136388
-0.000101268
-0.000311264
-0.00045169
-0.000496045
-0.000438175
-0.000292916
-9.24474e-05
0.000120782
0.000303004
0.000418083
0.000444643
0.000379972
0.000240005
5.55165e-05
-0.000134601
-0.000291503
-0.000384295
-0.000396084
-0.000326978
-0.000193543
-2.49185e-05
0.000143503
0.000277475
0.000350834
0.000350568
0.000279052
0.000153083
2.66969e-18
-0.000148207
-0.00026156
-0.000318127
-0.000308228
-0.000236012
-0.000118171
1.98659e-05
0.000149382
0.000244327
0.00028653
0.000269138
0.00019764
8.8349e-05
-3.52769e-05
-0.000147638
-0.000226275
-0.00025633
-0.000233317
-0.00016369
-6.31629e-05
4.67988e-05
0.000143534
0.000207839
0.00022775
0.000200738
0.000133894
4.2164e-05
-5.4963e-05
-0.000137573
-0.000189388
-0.000200957
-0.00017133
-0.000107966
-2.49153e-05
6.02648e-05
0.000130202
0.000171237
0.000176062
0.000144989
8.56105e-05
1.0995e-05
-6.31613e-05
-0.000121822
-0.00015364
-0.000153133
-0.000121582
-6.65252e-05
2.89609e-19
6.40712e-05
0.000112777
0.000136803
0.000132193
0.000100949
5.04079e-05
-8.45109e-06
-6.33738e-05
-0.000103367
-0.000120885
-0.00011323
-8.29155e-05
-3.69597e-05
1.47155e-05
6.14093e-05
9.38455e-05
0.000106001
9.62013e-05
6.72936e-05
2.58893e-05
-1.91246e-05
-5.84795e-05
-8.44219e-05
-9.22275e-05
-8.10392e-05
-5.38868e-05
-1.69165e-05
2.19824e-05
5.48484e-05
7.5267e-05
7.96091e-05
6.76542e-05
4.24952e-05
9.77463e-06
-2.35651e-05
-5.07443e-05
-6.65147e-05
-6.81601e-05
-5.59415e-05
-3.29191e-05
-4.21338e-06
2.41207e-05
4.63614e-05
5.82665e-05
5.78703e-05
4.57844e-05
2.49625e-05
9.19439e-19
-2.38692e-05
-4.18615e-05
-5.05941e-05
-4.87089e-05
-3.70586e-05
-1.84359e-05
3.07923e-06
2.30034e-05
3.73772e-05
4.35438e-05
4.06286e-05
2.96356e-05
1.31583e-05
-5.21831e-06
-2.169e-05
-3.30138e-05
-3.71395e-05
-3.35692e-05
-2.33858e-05
-8.95996e-06
6.5913e-06
2.00707e-05
2.88524e-05
3.13863e-05
2.74609e-05
1.81814e-05
5.68284e-06
-7.35238e-06
-1.82642e-05
-2.49522e-05
-2.62736e-05
-2.22275e-05
-1.38982e-05
-3.1822e-06
7.63639e-06
1.63675e-05
2.13537e-05
2.17786e-05
1.77894e-05
1.0418e-05
1.32697e-06
-7.55958e-06
-1.44585e-05
-1.80812e-05
-1.78685e-05
-1.40655e-05
-7.62977e-06
-1.15097e-19
7.22064e-06
1.25974e-05
1.51452e-05
1.45035e-05
1.09754e-05
5.43054e-06
-9.02084e-07
-6.70196e-06
-1.08293e-05
-1.25452e-05
-1.16392e-05
-8.44145e-06
-3.72644e-06
1.46923e-06
6.07099e-06
9.18571e-06
1.02717e-05
9.2281e-06
6.38943e-06
2.43291e-06
-1.77858e-06
-5.3817e-06
-7.68712e-06
-8.30841e-06
-7.222e-06
-4.75012e-06
-1.47484e-06
1.89531e-06
4.67615e-06
6.34454e-06
6.63408e-06
5.57294e-06
3.45978e-06
7.86461e-07
-1.87352e-06
-3.98599e-06
-5.16141e-06
-5.22427e-06
-4.23463e-06
-2.46068e-06
-3.10959e-07
1.75737e-06
3.33401e-06
4.13525e-06
4.05269e-06
3.1633e-06
1.70128e-06
-1.09176e-20
-1.58211e-06
-2.73563e-06
-3.25918e-06
-3.09245e-06
-2.3184e-06
-1.13627e-06
1.86938e-07
1.3753e-06
2.20024e-06
2.52323e-06
2.31705e-06
1.66301e-06
7.26375e-07
-2.83314e-07
-1.1579e-06
-1.73253e-06
-1.9155e-06
-1.70114e-06
-1.16411e-06
-4.38002e-07
3.1634e-07
9.45454e-07
1.33363e-06
1.42314e-06
1.22111e-06
7.9264e-07
2.42828e-07
-3.07838e-07
-7.49084e-07
-1.00219e-06
-1.03313e-06
-8.55446e-07
-5.23374e-07
-1.17224e-07
2.7511e-07
5.76535e-07
7.35268e-07
7.32901e-07
5.84987e-07
3.34717e-07
4.16502e-08
-2.31787e-07
-4.3306e-07
-5.29063e-07
-5.10827e-07
-3.92947e-07
-2.08358e-07
-7.02656e-21
1.88657e-07
3.2223e-07
3.79567e-07
3.56473e-07
2.64855e-07
1.28836e-07
-2.10726e-08
-1.54425e-07
-2.46623e-07
-2.8302e-07
-2.60772e-07
-1.88353e-07
-8.30608e-08
3.2823e-08
1.36422e-07
2.08409e-07
2.36242e-07
2.16039e-07
1.52911e-07
5.97783e-08
